max: 0.96167
media: 0.93842
moda: 0.94167
desvio padrao: 0.01055
variancia: 0.00011

Avarage of confusion matrix:
56.800		0.650		0.000		0.000		0.000		0.000		0.000		0.000		0.000		0.000		
0.450		58.250		0.050		0.050		0.000		0.000		0.000		0.000		0.150		0.000		
1.000		1.300		56.150		0.750		0.000		0.000		0.350		0.300		0.050		0.000		
0.650		0.950		0.450		54.550		0.000		0.350		0.000		0.000		1.750		0.250		
0.400		0.400		0.700		0.100		52.750		0.000		0.950		0.000		0.000		3.400		
0.950		0.800		0.000		2.300		0.000		53.900		0.450		0.000		2.950		0.200		
0.600		0.450		0.000		0.000		0.000		0.300		60.850		0.000		0.000		0.000		
0.250		0.100		0.000		0.000		0.150		0.000		0.000		60.100		0.150		3.300		
1.200		1.650		0.400		0.750		0.400		0.450		0.000		0.450		50.350		1.350		
0.050		0.150		0.000		0.350		0.450		0.000		0.000		0.750		0.150		59.350		

Best of confusion matrix:
63 1 0 0 0 0 0 0 0 0 
0 62 0 0 0 0 0 0 0 0 
1 1 49 0 0 0 0 1 0 0 
0 1 1 64 0 0 0 0 2 0 
1 0 0 0 50 0 0 0 0 1 
0 1 0 1 0 61 0 0 2 0 
0 1 0 0 0 0 62 0 0 0 
1 0 0 0 0 0 0 46 0 2 
1 0 0 0 0 1 0 0 55 2 
0 0 0 1 0 0 0 0 0 65 

Avarage of f-score:
		precision	recall		f1-score
0		0.912			0.988			0.947			
1		0.900			0.987			0.942			
2		0.971			0.938			0.954			
3		0.926			0.926			0.926			
4		0.982			0.897			0.937			
5		0.979			0.878			0.925			
6		0.972			0.978			0.976			
7		0.975			0.938			0.957			
8		0.905			0.883			0.893			
9		0.876			0.970			0.919			

Best of f-score:
		precision	recall		f1-score
0		0.940			0.980			0.960			
1		0.930			1.000			0.960			
2		0.980			0.940			0.960			
3		0.970			0.940			0.960			
4		1.000			0.960			0.980			
5		0.980			0.940			0.960			
6		1.000			0.980			0.990			
7		0.980			0.940			0.960			
8		0.930			0.930			0.930			
9		0.930			0.980			0.960			
