Loading data...
Spliting data...
Fitting knn
Predicting...
Accuracy:  0.945
[[63  2  0  0  0  0  0  0  0  0]
 [ 1 61  0  0  0  0  0  0  0  0]
 [ 2  0 62  0  0  0  0  0  0  0]
 [ 1  0  0 50  0  0  0  0  1  1]
 [ 0  0  0  0 46  0  0  0  0  7]
 [ 0  0  0  2  0 53  0  0  5  0]
 [ 1  0  0  0  0  0 57  0  0  0]
 [ 0  0  0  0  0  0  0 58  1  4]
 [ 0  0  0  1  1  0  0  1 54  1]
 [ 0  0  0  1  0  0  0  0  0 63]]
              precision    recall  f1-score   support

         0.0       0.93      0.97      0.95        65
         1.0       0.97      0.98      0.98        62
         2.0       1.00      0.97      0.98        64
         3.0       0.93      0.94      0.93        53
         4.0       0.98      0.87      0.92        53
         5.0       1.00      0.88      0.94        60
         6.0       1.00      0.98      0.99        58
         7.0       0.98      0.92      0.95        63
         8.0       0.89      0.93      0.91        58
         9.0       0.83      0.98      0.90        64

    accuracy                           0.94       600
   macro avg       0.95      0.94      0.94       600
weighted avg       0.95      0.94      0.95       600

