11
11 1 2 3 4 5 6 7 8 9 10 11
11 1 2 3 4 5 6 7 8 9 10 11
11 1 2 3 4 5 6 7 8 9 10 11
11 1 2 3 4 5 6 7 8 9 10 11
11 1 2 3 4 5 6 7 8 9 10 11
11 1 2 3 4 5 6 7 8 9 10 11
11 1 2 3 4 5 6 7 8 9 10 11
11 1 2 3 4 5 6 7 8 9 10 11
11 1 2 3 4 5 6 7 8 9 10 11
11 1 2 3 4 5 6 7 8 9 10 11
11 1 2 3 4 5 6 7 8 9 10 11
55
V
2 1 2
90 1 3 1 4 1 5 1 6 1 7 1 8 1 9 1 10 1 11 2 4 2 5 2 6 2 7 2 8 2 9 2 10 2 11 3 1 3 5 3 6 3 7 3 8 3 9 3 10 3 11 4 1 4 2 4 6 4 7 4 8 4 9 4 10 4 11 5 1 5 2 5 3 5 7 5 8 5 9 5 10 5 11 6 1 6 2 6 3 6 4 6 8 6 9 6 10 6 11 7 1 7 2 7 3 7 4 7 5 7 9 7 10 7 11 8 1 8 2 8 3 8 4 8 5 8 6 8 10 8 11 9 1 9 2 9 3 9 4 9 5 9 6 9 7 9 11 10 1 10 2 10 3 10 4 10 5 10 6 10 7 10 8 11 1 11 2 11 3 11 4 11 5 11 6 11 7 11 8 11 9
V
2 1 3
92 1 2 1 4 1 5 1 6 1 7 1 8 1 9 1 10 1 11 2 1 2 3 2 5 2 6 2 7 2 8 2 9 2 10 2 11 3 2 3 4 3 6 3 7 3 8 3 9 3 10 3 11 4 1 4 3 4 5 4 7 4 8 4 9 4 10 4 11 5 1 5 2 5 4 5 6 5 8 5 9 5 10 5 11 6 1 6 2 6 3 6 5 6 7 6 9 6 10 6 11 7 1 7 2 7 3 7 4 7 6 7 8 7 10 7 11 8 1 8 2 8 3 8 4 8 5 8 7 8 9 8 11 9 1 9 2 9 3 9 4 9 5 9 6 9 8 9 10 10 1 10 2 10 3 10 4 10 5 10 6 10 7 10 9 10 11 11 1 11 2 11 3 11 4 11 5 11 6 11 7 11 8 11 10
V
2 1 4
94 1 2 1 3 1 5 1 6 1 7 1 8 1 9 1 10 1 11 2 1 2 3 2 4 2 6 2 7 2 8 2 9 2 10 2 11 3 1 3 2 3 4 3 5 3 7 3 8 3 9 3 10 3 11 4 2 4 3 4 5 4 6 4 8 4 9 4 10 4 11 5 1 5 3 5 4 5 6 5 7 5 9 5 10 5 11 6 1 6 2 6 4 6 5 6 7 6 8 6 10 6 11 7 1 7 2 7 3 7 5 7 6 7 8 7 9 7 11 8 1 8 2 8 3 8 4 8 6 8 7 8 9 8 10 9 1 9 2 9 3 9 4 9 5 9 7 9 8 9 10 9 11 10 1 10 2 10 3 10 4 10 5 10 6 10 8 10 9 10 11 11 1 11 2 11 3 11 4 11 5 11 6 11 7 11 9 11 10
V
2 1 5
96 1 2 1 3 1 4 1 6 1 7 1 8 1 9 1 10 1 11 2 1 2 3 2 4 2 5 2 7 2 8 2 9 2 10 2 11 3 1 3 2 3 4 3 5 3 6 3 8 3 9 3 10 3 11 4 1 4 2 4 3 4 5 4 6 4 7 4 9 4 10 4 11 5 2 5 3 5 4 5 6 5 7 5 8 5 10 5 11 6 1 6 3 6 4 6 5 6 7 6 8 6 9 6 11 7 1 7 2 7 4 7 5 7 6 7 8 7 9 7 10 8 1 8 2 8 3 8 5 8 6 8 7 8 9 8 10 8 11 9 1 9 2 9 3 9 4 9 6 9 7 9 8 9 10 9 11 10 1 10 2 10 3 10 4 10 5 10 7 10 8 10 9 10 11 11 1 11 2 11 3 11 4 11 5 11 6 11 8 11 9 11 10
V
2 1 6
98 1 2 1 3 1 4 1 5 1 7 1 8 1 9 1 10 1 11 2 1 2 3 2 4 2 5 2 6 2 8 2 9 2 10 2 11 3 1 3 2 3 4 3 5 3 6 3 7 3 9 3 10 3 11 4 1 4 2 4 3 4 5 4 6 4 7 4 8 4 10 4 11 5 1 5 2 5 3 5 4 5 6 5 7 5 8 5 9 5 11 6 2 6 3 6 4 6 5 6 7 6 8 6 9 6 10 7 1 7 3 7 4 7 5 7 6 7 8 7 9 7 10 7 11 8 1 8 2 8 4 8 5 8 6 8 7 8 9 8 10 8 11 9 1 9 2 9 3 9 5 9 6 9 7 9 8 9 10 9 11 10 1 10 2 10 3 10 4 10 6 10 7 10 8 10 9 10 11 11 1 11 2 11 3 11 4 11 5 11 7 11 8 11 9 11 10
V
2 1 7
100 1 2 1 3 1 4 1 5 1 6 1 8 1 9 1 10 1 11 2 1 2 3 2 4 2 5 2 6 2 7 2 9 2 10 2 11 3 1 3 2 3 4 3 5 3 6 3 7 3 8 3 10 3 11 4 1 4 2 4 3 4 5 4 6 4 7 4 8 4 9 4 11 5 1 5 2 5 3 5 4 5 6 5 7 5 8 5 9 5 10 6 1 6 2 6 3 6 4 6 5 6 7 6 8 6 9 6 10 6 11 7 2 7 3 7 4 7 5 7 6 7 8 7 9 7 10 7 11 8 1 8 3 8 4 8 5 8 6 8 7 8 9 8 10 8 11 9 1 9 2 9 4 9 5 9 6 9 7 9 8 9 10 9 11 10 1 10 2 10 3 10 5 10 6 10 7 10 8 10 9 10 11 11 1 11 2 11 3 11 4 11 6 11 7 11 8 11 9 11 10
V
2 1 8
102 1 2 1 3 1 4 1 5 1 6 1 7 1 9 1 10 1 11 2 1 2 3 2 4 2 5 2 6 2 7 2 8 2 10 2 11 3 1 3 2 3 4 3 5 3 6 3 7 3 8 3 9 3 11 4 1 4 2 4 3 4 5 4 6 4 7 4 8 4 9 4 10 5 1 5 2 5 3 5 4 5 6 5 7 5 8 5 9 5 10 5 11 6 1 6 2 6 3 6 4 6 5 6 7 6 8 6 9 6 10 6 11 7 1 7 2 7 3 7 4 7 5 7 6 7 8 7 9 7 10 7 11 8 2 8 3 8 4 8 5 8 6 8 7 8 9 8 10 8 11 9 1 9 3 9 4 9 5 9 6 9 7 9 8 9 10 9 11 10 1 10 2 10 4 10 5 10 6 10 7 10 8 10 9 10 11 11 1 11 2 11 3 11 5 11 6 11 7 11 8 11 9 11 10
V
2 1 9
104 1 2 1 3 1 4 1 5 1 6 1 7 1 8 1 10 1 11 2 1 2 3 2 4 2 5 2 6 2 7 2 8 2 9 2 11 3 1 3 2 3 4 3 5 3 6 3 7 3 8 3 9 3 10 4 1 4 2 4 3 4 5 4 6 4 7 4 8 4 9 4 10 4 11 5 1 5 2 5 3 5 4 5 6 5 7 5 8 5 9 5 10 5 11 6 1 6 2 6 3 6 4 6 5 6 7 6 8 6 9 6 10 6 11 7 1 7 2 7 3 7 4 7 5 7 6 7 8 7 9 7 10 7 11 8 1 8 2 8 3 8 4 8 5 8 6 8 7 8 9 8 10 8 11 9 2 9 3 9 4 9 5 9 6 9 7 9 8 9 10 9 11 10 1 10 3 10 4 10 5 10 6 10 7 10 8 10 9 10 11 11 1 11 2 11 4 11 5 11 6 11 7 11 8 11 9 11 10
V
2 1 10
106 1 2 1 3 1 4 1 5 1 6 1 7 1 8 1 9 1 11 2 1 2 3 2 4 2 5 2 6 2 7 2 8 2 9 2 10 3 1 3 2 3 4 3 5 3 6 3 7 3 8 3 9 3 10 3 11 4 1 4 2 4 3 4 5 4 6 4 7 4 8 4 9 4 10 4 11 5 1 5 2 5 3 5 4 5 6 5 7 5 8 5 9 5 10 5 11 6 1 6 2 6 3 6 4 6 5 6 7 6 8 6 9 6 10 6 11 7 1 7 2 7 3 7 4 7 5 7 6 7 8 7 9 7 10 7 11 8 1 8 2 8 3 8 4 8 5 8 6 8 7 8 9 8 10 8 11 9 1 9 2 9 3 9 4 9 5 9 6 9 7 9 8 9 10 9 11 10 2 10 3 10 4 10 5 10 6 10 7 10 8 10 9 10 11 11 1 11 3 11 4 11 5 11 6 11 7 11 8 11 9 11 10
V
2 1 11
108 1 2 1 3 1 4 1 5 1 6 1 7 1 8 1 9 1 10 2 1 2 3 2 4 2 5 2 6 2 7 2 8 2 9 2 10 2 11 3 1 3 2 3 4 3 5 3 6 3 7 3 8 3 9 3 10 3 11 4 1 4 2 4 3 4 5 4 6 4 7 4 8 4 9 4 10 4 11 5 1 5 2 5 3 5 4 5 6 5 7 5 8 5 9 5 10 5 11 6 1 6 2 6 3 6 4 6 5 6 7 6 8 6 9 6 10 6 11 7 1 7 2 7 3 7 4 7 5 7 6 7 8 7 9 7 10 7 11 8 1 8 2 8 3 8 4 8 5 8 6 8 7 8 9 8 10 8 11 9 1 9 2 9 3 9 4 9 5 9 6 9 7 9 8 9 10 9 11 10 1 10 2 10 3 10 4 10 5 10 6 10 7 10 8 10 9 10 11 11 2 11 3 11 4 11 5 11 6 11 7 11 8 11 9 11 10
V
2 2 3
90 1 3 1 4 1 5 1 6 1 7 1 8 1 9 1 10 1 11 2 4 2 5 2 6 2 7 2 8 2 9 2 10 2 11 3 1 3 5 3 6 3 7 3 8 3 9 3 10 3 11 4 1 4 2 4 6 4 7 4 8 4 9 4 10 4 11 5 1 5 2 5 3 5 7 5 8 5 9 5 10 5 11 6 1 6 2 6 3 6 4 6 8 6 9 6 10 6 11 7 1 7 2 7 3 7 4 7 5 7 9 7 10 7 11 8 1 8 2 8 3 8 4 8 5 8 6 8 10 8 11 9 1 9 2 9 3 9 4 9 5 9 6 9 7 9 11 10 1 10 2 10 3 10 4 10 5 10 6 10 7 10 8 11 1 11 2 11 3 11 4 11 5 11 6 11 7 11 8 11 9
V
2 2 4
92 1 2 1 4 1 5 1 6 1 7 1 8 1 9 1 10 1 11 2 1 2 3 2 5 2 6 2 7 2 8 2 9 2 10 2 11 3 2 3 4 3 6 3 7 3 8 3 9 3 10 3 11 4 1 4 3 4 5 4 7 4 8 4 9 4 10 4 11 5 1 5 2 5 4 5 6 5 8 5 9 5 10 5 11 6 1 6 2 6 3 6 5 6 7 6 9 6 10 6 11 7 1 7 2 7 3 7 4 7 6 7 8 7 10 7 11 8 1 8 2 8 3 8 4 8 5 8 7 8 9 8 11 9 1 9 2 9 3 9 4 9 5 9 6 9 8 9 10 10 1 10 2 10 3 10 4 10 5 10 6 10 7 10 9 10 11 11 1 11 2 11 3 11 4 11 5 11 6 11 7 11 8 11 10
V
2 2 5
94 1 2 1 3 1 5 1 6 1 7 1 8 1 9 1 10 1 11 2 1 2 3 2 4 2 6 2 7 2 8 2 9 2 10 2 11 3 1 3 2 3 4 3 5 3 7 3 8 3 9 3 10 3 11 4 2 4 3 4 5 4 6 4 8 4 9 4 10 4 11 5 1 5 3 5 4 5 6 5 7 5 9 5 10 5 11 6 1 6 2 6 4 6 5 6 7 6 8 6 10 6 11 7 1 7 2 7 3 7 5 7 6 7 8 7 9 7 11 8 1 8 2 8 3 8 4 8 6 8 7 8 9 8 10 9 1 9 2 9 3 9 4 9 5 9 7 9 8 9 10 9 11 10 1 10 2 10 3 10 4 10 5 10 6 10 8 10 9 10 11 11 1 11 2 11 3 11 4 11 5 11 6 11 7 11 9 11 10
V
2 2 6
96 1 2 1 3 1 4 1 6 1 7 1 8 1 9 1 10 1 11 2 1 2 3 2 4 2 5 2 7 2 8 2 9 2 10 2 11 3 1 3 2 3 4 3 5 3 6 3 8 3 9 3 10 3 11 4 1 4 2 4 3 4 5 4 6 4 7 4 9 4 10 4 11 5 2 5 3 5 4 5 6 5 7 5 8 5 10 5 11 6 1 6 3 6 4 6 5 6 7 6 8 6 9 6 11 7 1 7 2 7 4 7 5 7 6 7 8 7 9 7 10 8 1 8 2 8 3 8 5 8 6 8 7 8 9 8 10 8 11 9 1 9 2 9 3 9 4 9 6 9 7 9 8 9 10 9 11 10 1 10 2 10 3 10 4 10 5 10 7 10 8 10 9 10 11 11 1 11 2 11 3 11 4 11 5 11 6 11 8 11 9 11 10
V
2 2 7
98 1 2 1 3 1 4 1 5 1 7 1 8 1 9 1 10 1 11 2 1 2 3 2 4 2 5 2 6 2 8 2 9 2 10 2 11 3 1 3 2 3 4 3 5 3 6 3 7 3 9 3 10 3 11 4 1 4 2 4 3 4 5 4 6 4 7 4 8 4 10 4 11 5 1 5 2 5 3 5 4 5 6 5 7 5 8 5 9 5 11 6 2 6 3 6 4 6 5 6 7 6 8 6 9 6 10 7 1 7 3 7 4 7 5 7 6 7 8 7 9 7 10 7 11 8 1 8 2 8 4 8 5 8 6 8 7 8 9 8 10 8 11 9 1 9 2 9 3 9 5 9 6 9 7 9 8 9 10 9 11 10 1 10 2 10 3 10 4 10 6 10 7 10 8 10 9 10 11 11 1 11 2 11 3 11 4 11 5 11 7 11 8 11 9 11 10
V
2 2 8
100 1 2 1 3 1 4 1 5 1 6 1 8 1 9 1 10 1 11 2 1 2 3 2 4 2 5 2 6 2 7 2 9 2 10 2 11 3 1 3 2 3 4 3 5 3 6 3 7 3 8 3 10 3 11 4 1 4 2 4 3 4 5 4 6 4 7 4 8 4 9 4 11 5 1 5 2 5 3 5 4 5 6 5 7 5 8 5 9 5 10 6 1 6 2 6 3 6 4 6 5 6 7 6 8 6 9 6 10 6 11 7 2 7 3 7 4 7 5 7 6 7 8 7 9 7 10 7 11 8 1 8 3 8 4 8 5 8 6 8 7 8 9 8 10 8 11 9 1 9 2 9 4 9 5 9 6 9 7 9 8 9 10 9 11 10 1 10 2 10 3 10 5 10 6 10 7 10 8 10 9 10 11 11 1 11 2 11 3 11 4 11 6 11 7 11 8 11 9 11 10
V
2 2 9
102 1 2 1 3 1 4 1 5 1 6 1 7 1 9 1 10 1 11 2 1 2 3 2 4 2 5 2 6 2 7 2 8 2 10 2 11 3 1 3 2 3 4 3 5 3 6 3 7 3 8 3 9 3 11 4 1 4 2 4 3 4 5 4 6 4 7 4 8 4 9 4 10 5 1 5 2 5 3 5 4 5 6 5 7 5 8 5 9 5 10 5 11 6 1 6 2 6 3 6 4 6 5 6 7 6 8 6 9 6 10 6 11 7 1 7 2 7 3 7 4 7 5 7 6 7 8 7 9 7 10 7 11 8 2 8 3 8 4 8 5 8 6 8 7 8 9 8 10 8 11 9 1 9 3 9 4 9 5 9 6 9 7 9 8 9 10 9 11 10 1 10 2 10 4 10 5 10 6 10 7 10 8 10 9 10 11 11 1 11 2 11 3 11 5 11 6 11 7 11 8 11 9 11 10
V
2 2 10
104 1 2 1 3 1 4 1 5 1 6 1 7 1 8 1 10 1 11 2 1 2 3 2 4 2 5 2 6 2 7 2 8 2 9 2 11 3 1 3 2 3 4 3 5 3 6 3 7 3 8 3 9 3 10 4 1 4 2 4 3 4 5 4 6 4 7 4 8 4 9 4 10 4 11 5 1 5 2 5 3 5 4 5 6 5 7 5 8 5 9 5 10 5 11 6 1 6 2 6 3 6 4 6 5 6 7 6 8 6 9 6 10 6 11 7 1 7 2 7 3 7 4 7 5 7 6 7 8 7 9 7 10 7 11 8 1 8 2 8 3 8 4 8 5 8 6 8 7 8 9 8 10 8 11 9 2 9 3 9 4 9 5 9 6 9 7 9 8 9 10 9 11 10 1 10 3 10 4 10 5 10 6 10 7 10 8 10 9 10 11 11 1 11 2 11 4 11 5 11 6 11 7 11 8 11 9 11 10
V
2 2 11
106 1 2 1 3 1 4 1 5 1 6 1 7 1 8 1 9 1 11 2 1 2 3 2 4 2 5 2 6 2 7 2 8 2 9 2 10 3 1 3 2 3 4 3 5 3 6 3 7 3 8 3 9 3 10 3 11 4 1 4 2 4 3 4 5 4 6 4 7 4 8 4 9 4 10 4 11 5 1 5 2 5 3 5 4 5 6 5 7 5 8 5 9 5 10 5 11 6 1 6 2 6 3 6 4 6 5 6 7 6 8 6 9 6 10 6 11 7 1 7 2 7 3 7 4 7 5 7 6 7 8 7 9 7 10 7 11 8 1 8 2 8 3 8 4 8 5 8 6 8 7 8 9 8 10 8 11 9 1 9 2 9 3 9 4 9 5 9 6 9 7 9 8 9 10 9 11 10 2 10 3 10 4 10 5 10 6 10 7 10 8 10 9 10 11 11 1 11 3 11 4 11 5 11 6 11 7 11 8 11 9 11 10
V
2 3 4
90 1 3 1 4 1 5 1 6 1 7 1 8 1 9 1 10 1 11 2 4 2 5 2 6 2 7 2 8 2 9 2 10 2 11 3 1 3 5 3 6 3 7 3 8 3 9 3 10 3 11 4 1 4 2 4 6 4 7 4 8 4 9 4 10 4 11 5 1 5 2 5 3 5 7 5 8 5 9 5 10 5 11 6 1 6 2 6 3 6 4 6 8 6 9 6 10 6 11 7 1 7 2 7 3 7 4 7 5 7 9 7 10 7 11 8 1 8 2 8 3 8 4 8 5 8 6 8 10 8 11 9 1 9 2 9 3 9 4 9 5 9 6 9 7 9 11 10 1 10 2 10 3 10 4 10 5 10 6 10 7 10 8 11 1 11 2 11 3 11 4 11 5 11 6 11 7 11 8 11 9
V
2 3 5
92 1 2 1 4 1 5 1 6 1 7 1 8 1 9 1 10 1 11 2 1 2 3 2 5 2 6 2 7 2 8 2 9 2 10 2 11 3 2 3 4 3 6 3 7 3 8 3 9 3 10 3 11 4 1 4 3 4 5 4 7 4 8 4 9 4 10 4 11 5 1 5 2 5 4 5 6 5 8 5 9 5 10 5 11 6 1 6 2 6 3 6 5 6 7 6 9 6 10 6 11 7 1 7 2 7 3 7 4 7 6 7 8 7 10 7 11 8 1 8 2 8 3 8 4 8 5 8 7 8 9 8 11 9 1 9 2 9 3 9 4 9 5 9 6 9 8 9 10 10 1 10 2 10 3 10 4 10 5 10 6 10 7 10 9 10 11 11 1 11 2 11 3 11 4 11 5 11 6 11 7 11 8 11 10
V
2 3 6
94 1 2 1 3 1 5 1 6 1 7 1 8 1 9 1 10 1 11 2 1 2 3 2 4 2 6 2 7 2 8 2 9 2 10 2 11 3 1 3 2 3 4 3 5 3 7 3 8 3 9 3 10 3 11 4 2 4 3 4 5 4 6 4 8 4 9 4 10 4 11 5 1 5 3 5 4 5 6 5 7 5 9 5 10 5 11 6 1 6 2 6 4 6 5 6 7 6 8 6 10 6 11 7 1 7 2 7 3 7 5 7 6 7 8 7 9 7 11 8 1 8 2 8 3 8 4 8 6 8 7 8 9 8 10 9 1 9 2 9 3 9 4 9 5 9 7 9 8 9 10 9 11 10 1 10 2 10 3 10 4 10 5 10 6 10 8 10 9 10 11 11 1 11 2 11 3 11 4 11 5 11 6 11 7 11 9 11 10
V
2 3 7
96 1 2 1 3 1 4 1 6 1 7 1 8 1 9 1 10 1 11 2 1 2 3 2 4 2 5 2 7 2 8 2 9 2 10 2 11 3 1 3 2 3 4 3 5 3 6 3 8 3 9 3 10 3 11 4 1 4 2 4 3 4 5 4 6 4 7 4 9 4 10 4 11 5 2 5 3 5 4 5 6 5 7 5 8 5 10 5 11 6 1 6 3 6 4 6 5 6 7 6 8 6 9 6 11 7 1 7 2 7 4 7 5 7 6 7 8 7 9 7 10 8 1 8 2 8 3 8 5 8 6 8 7 8 9 8 10 8 11 9 1 9 2 9 3 9 4 9 6 9 7 9 8 9 10 9 11 10 1 10 2 10 3 10 4 10 5 10 7 10 8 10 9 10 11 11 1 11 2 11 3 11 4 11 5 11 6 11 8 11 9 11 10
V
2 3 8
98 1 2 1 3 1 4 1 5 1 7 1 8 1 9 1 10 1 11 2 1 2 3 2 4 2 5 2 6 2 8 2 9 2 10 2 11 3 1 3 2 3 4 3 5 3 6 3 7 3 9 3 10 3 11 4 1 4 2 4 3 4 5 4 6 4 7 4 8 4 10 4 11 5 1 5 2 5 3 5 4 5 6 5 7 5 8 5 9 5 11 6 2 6 3 6 4 6 5 6 7 6 8 6 9 6 10 7 1 7 3 7 4 7 5 7 6 7 8 7 9 7 10 7 11 8 1 8 2 8 4 8 5 8 6 8 7 8 9 8 10 8 11 9 1 9 2 9 3 9 5 9 6 9 7 9 8 9 10 9 11 10 1 10 2 10 3 10 4 10 6 10 7 10 8 10 9 10 11 11 1 11 2 11 3 11 4 11 5 11 7 11 8 11 9 11 10
V
2 3 9
100 1 2 1 3 1 4 1 5 1 6 1 8 1 9 1 10 1 11 2 1 2 3 2 4 2 5 2 6 2 7 2 9 2 10 2 11 3 1 3 2 3 4 3 5 3 6 3 7 3 8 3 10 3 11 4 1 4 2 4 3 4 5 4 6 4 7 4 8 4 9 4 11 5 1 5 2 5 3 5 4 5 6 5 7 5 8 5 9 5 10 6 1 6 2 6 3 6 4 6 5 6 7 6 8 6 9 6 10 6 11 7 2 7 3 7 4 7 5 7 6 7 8 7 9 7 10 7 11 8 1 8 3 8 4 8 5 8 6 8 7 8 9 8 10 8 11 9 1 9 2 9 4 9 5 9 6 9 7 9 8 9 10 9 11 10 1 10 2 10 3 10 5 10 6 10 7 10 8 10 9 10 11 11 1 11 2 11 3 11 4 11 6 11 7 11 8 11 9 11 10
V
2 3 10
102 1 2 1 3 1 4 1 5 1 6 1 7 1 9 1 10 1 11 2 1 2 3 2 4 2 5 2 6 2 7 2 8 2 10 2 11 3 1 3 2 3 4 3 5 3 6 3 7 3 8 3 9 3 11 4 1 4 2 4 3 4 5 4 6 4 7 4 8 4 9 4 10 5 1 5 2 5 3 5 4 5 6 5 7 5 8 5 9 5 10 5 11 6 1 6 2 6 3 6 4 6 5 6 7 6 8 6 9 6 10 6 11 7 1 7 2 7 3 7 4 7 5 7 6 7 8 7 9 7 10 7 11 8 2 8 3 8 4 8 5 8 6 8 7 8 9 8 10 8 11 9 1 9 3 9 4 9 5 9 6 9 7 9 8 9 10 9 11 10 1 10 2 10 4 10 5 10 6 10 7 10 8 10 9 10 11 11 1 11 2 11 3 11 5 11 6 11 7 11 8 11 9 11 10
V
2 3 11
104 1 2 1 3 1 4 1 5 1 6 1 7 1 8 1 10 1 11 2 1 2 3 2 4 2 5 2 6 2 7 2 8 2 9 2 11 3 1 3 2 3 4 3 5 3 6 3 7 3 8 3 9 3 10 4 1 4 2 4 3 4 5 4 6 4 7 4 8 4 9 4 10 4 11 5 1 5 2 5 3 5 4 5 6 5 7 5 8 5 9 5 10 5 11 6 1 6 2 6 3 6 4 6 5 6 7 6 8 6 9 6 10 6 11 7 1 7 2 7 3 7 4 7 5 7 6 7 8 7 9 7 10 7 11 8 1 8 2 8 3 8 4 8 5 8 6 8 7 8 9 8 10 8 11 9 2 9 3 9 4 9 5 9 6 9 7 9 8 9 10 9 11 10 1 10 3 10 4 10 5 10 6 10 7 10 8 10 9 10 11 11 1 11 2 11 4 11 5 11 6 11 7 11 8 11 9 11 10
V
2 4 5
90 1 3 1 4 1 5 1 6 1 7 1 8 1 9 1 10 1 11 2 4 2 5 2 6 2 7 2 8 2 9 2 10 2 11 3 1 3 5 3 6 3 7 3 8 3 9 3 10 3 11 4 1 4 2 4 6 4 7 4 8 4 9 4 10 4 11 5 1 5 2 5 3 5 7 5 8 5 9 5 10 5 11 6 1 6 2 6 3 6 4 6 8 6 9 6 10 6 11 7 1 7 2 7 3 7 4 7 5 7 9 7 10 7 11 8 1 8 2 8 3 8 4 8 5 8 6 8 10 8 11 9 1 9 2 9 3 9 4 9 5 9 6 9 7 9 11 10 1 10 2 10 3 10 4 10 5 10 6 10 7 10 8 11 1 11 2 11 3 11 4 11 5 11 6 11 7 11 8 11 9
V
2 4 6
92 1 2 1 4 1 5 1 6 1 7 1 8 1 9 1 10 1 11 2 1 2 3 2 5 2 6 2 7 2 8 2 9 2 10 2 11 3 2 3 4 3 6 3 7 3 8 3 9 3 10 3 11 4 1 4 3 4 5 4 7 4 8 4 9 4 10 4 11 5 1 5 2 5 4 5 6 5 8 5 9 5 10 5 11 6 1 6 2 6 3 6 5 6 7 6 9 6 10 6 11 7 1 7 2 7 3 7 4 7 6 7 8 7 10 7 11 8 1 8 2 8 3 8 4 8 5 8 7 8 9 8 11 9 1 9 2 9 3 9 4 9 5 9 6 9 8 9 10 10 1 10 2 10 3 10 4 10 5 10 6 10 7 10 9 10 11 11 1 11 2 11 3 11 4 11 5 11 6 11 7 11 8 11 10
V
2 4 7
94 1 2 1 3 1 5 1 6 1 7 1 8 1 9 1 10 1 11 2 1 2 3 2 4 2 6 2 7 2 8 2 9 2 10 2 11 3 1 3 2 3 4 3 5 3 7 3 8 3 9 3 10 3 11 4 2 4 3 4 5 4 6 4 8 4 9 4 10 4 11 5 1 5 3 5 4 5 6 5 7 5 9 5 10 5 11 6 1 6 2 6 4 6 5 6 7 6 8 6 10 6 11 7 1 7 2 7 3 7 5 7 6 7 8 7 9 7 11 8 1 8 2 8 3 8 4 8 6 8 7 8 9 8 10 9 1 9 2 9 3 9 4 9 5 9 7 9 8 9 10 9 11 10 1 10 2 10 3 10 4 10 5 10 6 10 8 10 9 10 11 11 1 11 2 11 3 11 4 11 5 11 6 11 7 11 9 11 10
V
2 4 8
96 1 2 1 3 1 4 1 6 1 7 1 8 1 9 1 10 1 11 2 1 2 3 2 4 2 5 2 7 2 8 2 9 2 10 2 11 3 1 3 2 3 4 3 5 3 6 3 8 3 9 3 10 3 11 4 1 4 2 4 3 4 5 4 6 4 7 4 9 4 10 4 11 5 2 5 3 5 4 5 6 5 7 5 8 5 10 5 11 6 1 6 3 6 4 6 5 6 7 6 8 6 9 6 11 7 1 7 2 7 4 7 5 7 6 7 8 7 9 7 10 8 1 8 2 8 3 8 5 8 6 8 7 8 9 8 10 8 11 9 1 9 2 9 3 9 4 9 6 9 7 9 8 9 10 9 11 10 1 10 2 10 3 10 4 10 5 10 7 10 8 10 9 10 11 11 1 11 2 11 3 11 4 11 5 11 6 11 8 11 9 11 10
V
2 4 9
98 1 2 1 3 1 4 1 5 1 7 1 8 1 9 1 10 1 11 2 1 2 3 2 4 2 5 2 6 2 8 2 9 2 10 2 11 3 1 3 2 3 4 3 5 3 6 3 7 3 9 3 10 3 11 4 1 4 2 4 3 4 5 4 6 4 7 4 8 4 10 4 11 5 1 5 2 5 3 5 4 5 6 5 7 5 8 5 9 5 11 6 2 6 3 6 4 6 5 6 7 6 8 6 9 6 10 7 1 7 3 7 4 7 5 7 6 7 8 7 9 7 10 7 11 8 1 8 2 8 4 8 5 8 6 8 7 8 9 8 10 8 11 9 1 9 2 9 3 9 5 9 6 9 7 9 8 9 10 9 11 10 1 10 2 10 3 10 4 10 6 10 7 10 8 10 9 10 11 11 1 11 2 11 3 11 4 11 5 11 7 11 8 11 9 11 10
V
2 4 10
100 1 2 1 3 1 4 1 5 1 6 1 8 1 9 1 10 1 11 2 1 2 3 2 4 2 5 2 6 2 7 2 9 2 10 2 11 3 1 3 2 3 4 3 5 3 6 3 7 3 8 3 10 3 11 4 1 4 2 4 3 4 5 4 6 4 7 4 8 4 9 4 11 5 1 5 2 5 3 5 4 5 6 5 7 5 8 5 9 5 10 6 1 6 2 6 3 6 4 6 5 6 7 6 8 6 9 6 10 6 11 7 2 7 3 7 4 7 5 7 6 7 8 7 9 7 10 7 11 8 1 8 3 8 4 8 5 8 6 8 7 8 9 8 10 8 11 9 1 9 2 9 4 9 5 9 6 9 7 9 8 9 10 9 11 10 1 10 2 10 3 10 5 10 6 10 7 10 8 10 9 10 11 11 1 11 2 11 3 11 4 11 6 11 7 11 8 11 9 11 10
V
2 4 11
102 1 2 1 3 1 4 1 5 1 6 1 7 1 9 1 10 1 11 2 1 2 3 2 4 2 5 2 6 2 7 2 8 2 10 2 11 3 1 3 2 3 4 3 5 3 6 3 7 3 8 3 9 3 11 4 1 4 2 4 3 4 5 4 6 4 7 4 8 4 9 4 10 5 1 5 2 5 3 5 4 5 6 5 7 5 8 5 9 5 10 5 11 6 1 6 2 6 3 6 4 6 5 6 7 6 8 6 9 6 10 6 11 7 1 7 2 7 3 7 4 7 5 7 6 7 8 7 9 7 10 7 11 8 2 8 3 8 4 8 5 8 6 8 7 8 9 8 10 8 11 9 1 9 3 9 4 9 5 9 6 9 7 9 8 9 10 9 11 10 1 10 2 10 4 10 5 10 6 10 7 10 8 10 9 10 11 11 1 11 2 11 3 11 5 11 6 11 7 11 8 11 9 11 10
V
2 5 6
90 1 3 1 4 1 5 1 6 1 7 1 8 1 9 1 10 1 11 2 4 2 5 2 6 2 7 2 8 2 9 2 10 2 11 3 1 3 5 3 6 3 7 3 8 3 9 3 10 3 11 4 1 4 2 4 6 4 7 4 8 4 9 4 10 4 11 5 1 5 2 5 3 5 7 5 8 5 9 5 10 5 11 6 1 6 2 6 3 6 4 6 8 6 9 6 10 6 11 7 1 7 2 7 3 7 4 7 5 7 9 7 10 7 11 8 1 8 2 8 3 8 4 8 5 8 6 8 10 8 11 9 1 9 2 9 3 9 4 9 5 9 6 9 7 9 11 10 1 10 2 10 3 10 4 10 5 10 6 10 7 10 8 11 1 11 2 11 3 11 4 11 5 11 6 11 7 11 8 11 9
V
2 5 7
92 1 2 1 4 1 5 1 6 1 7 1 8 1 9 1 10 1 11 2 1 2 3 2 5 2 6 2 7 2 8 2 9 2 10 2 11 3 2 3 4 3 6 3 7 3 8 3 9 3 10 3 11 4 1 4 3 4 5 4 7 4 8 4 9 4 10 4 11 5 1 5 2 5 4 5 6 5 8 5 9 5 10 5 11 6 1 6 2 6 3 6 5 6 7 6 9 6 10 6 11 7 1 7 2 7 3 7 4 7 6 7 8 7 10 7 11 8 1 8 2 8 3 8 4 8 5 8 7 8 9 8 11 9 1 9 2 9 3 9 4 9 5 9 6 9 8 9 10 10 1 10 2 10 3 10 4 10 5 10 6 10 7 10 9 10 11 11 1 11 2 11 3 11 4 11 5 11 6 11 7 11 8 11 10
V
2 5 8
94 1 2 1 3 1 5 1 6 1 7 1 8 1 9 1 10 1 11 2 1 2 3 2 4 2 6 2 7 2 8 2 9 2 10 2 11 3 1 3 2 3 4 3 5 3 7 3 8 3 9 3 10 3 11 4 2 4 3 4 5 4 6 4 8 4 9 4 10 4 11 5 1 5 3 5 4 5 6 5 7 5 9 5 10 5 11 6 1 6 2 6 4 6 5 6 7 6 8 6 10 6 11 7 1 7 2 7 3 7 5 7 6 7 8 7 9 7 11 8 1 8 2 8 3 8 4 8 6 8 7 8 9 8 10 9 1 9 2 9 3 9 4 9 5 9 7 9 8 9 10 9 11 10 1 10 2 10 3 10 4 10 5 10 6 10 8 10 9 10 11 11 1 11 2 11 3 11 4 11 5 11 6 11 7 11 9 11 10
V
2 5 9
96 1 2 1 3 1 4 1 6 1 7 1 8 1 9 1 10 1 11 2 1 2 3 2 4 2 5 2 7 2 8 2 9 2 10 2 11 3 1 3 2 3 4 3 5 3 6 3 8 3 9 3 10 3 11 4 1 4 2 4 3 4 5 4 6 4 7 4 9 4 10 4 11 5 2 5 3 5 4 5 6 5 7 5 8 5 10 5 11 6 1 6 3 6 4 6 5 6 7 6 8 6 9 6 11 7 1 7 2 7 4 7 5 7 6 7 8 7 9 7 10 8 1 8 2 8 3 8 5 8 6 8 7 8 9 8 10 8 11 9 1 9 2 9 3 9 4 9 6 9 7 9 8 9 10 9 11 10 1 10 2 10 3 10 4 10 5 10 7 10 8 10 9 10 11 11 1 11 2 11 3 11 4 11 5 11 6 11 8 11 9 11 10
V
2 5 10
98 1 2 1 3 1 4 1 5 1 7 1 8 1 9 1 10 1 11 2 1 2 3 2 4 2 5 2 6 2 8 2 9 2 10 2 11 3 1 3 2 3 4 3 5 3 6 3 7 3 9 3 10 3 11 4 1 4 2 4 3 4 5 4 6 4 7 4 8 4 10 4 11 5 1 5 2 5 3 5 4 5 6 5 7 5 8 5 9 5 11 6 2 6 3 6 4 6 5 6 7 6 8 6 9 6 10 7 1 7 3 7 4 7 5 7 6 7 8 7 9 7 10 7 11 8 1 8 2 8 4 8 5 8 6 8 7 8 9 8 10 8 11 9 1 9 2 9 3 9 5 9 6 9 7 9 8 9 10 9 11 10 1 10 2 10 3 10 4 10 6 10 7 10 8 10 9 10 11 11 1 11 2 11 3 11 4 11 5 11 7 11 8 11 9 11 10
V
2 5 11
100 1 2 1 3 1 4 1 5 1 6 1 8 1 9 1 10 1 11 2 1 2 3 2 4 2 5 2 6 2 7 2 9 2 10 2 11 3 1 3 2 3 4 3 5 3 6 3 7 3 8 3 10 3 11 4 1 4 2 4 3 4 5 4 6 4 7 4 8 4 9 4 11 5 1 5 2 5 3 5 4 5 6 5 7 5 8 5 9 5 10 6 1 6 2 6 3 6 4 6 5 6 7 6 8 6 9 6 10 6 11 7 2 7 3 7 4 7 5 7 6 7 8 7 9 7 10 7 11 8 1 8 3 8 4 8 5 8 6 8 7 8 9 8 10 8 11 9 1 9 2 9 4 9 5 9 6 9 7 9 8 9 10 9 11 10 1 10 2 10 3 10 5 10 6 10 7 10 8 10 9 10 11 11 1 11 2 11 3 11 4 11 6 11 7 11 8 11 9 11 10
V
2 6 7
90 1 3 1 4 1 5 1 6 1 7 1 8 1 9 1 10 1 11 2 4 2 5 2 6 2 7 2 8 2 9 2 10 2 11 3 1 3 5 3 6 3 7 3 8 3 9 3 10 3 11 4 1 4 2 4 6 4 7 4 8 4 9 4 10 4 11 5 1 5 2 5 3 5 7 5 8 5 9 5 10 5 11 6 1 6 2 6 3 6 4 6 8 6 9 6 10 6 11 7 1 7 2 7 3 7 4 7 5 7 9 7 10 7 11 8 1 8 2 8 3 8 4 8 5 8 6 8 10 8 11 9 1 9 2 9 3 9 4 9 5 9 6 9 7 9 11 10 1 10 2 10 3 10 4 10 5 10 6 10 7 10 8 11 1 11 2 11 3 11 4 11 5 11 6 11 7 11 8 11 9
V
2 6 8
92 1 2 1 4 1 5 1 6 1 7 1 8 1 9 1 10 1 11 2 1 2 3 2 5 2 6 2 7 2 8 2 9 2 10 2 11 3 2 3 4 3 6 3 7 3 8 3 9 3 10 3 11 4 1 4 3 4 5 4 7 4 8 4 9 4 10 4 11 5 1 5 2 5 4 5 6 5 8 5 9 5 10 5 11 6 1 6 2 6 3 6 5 6 7 6 9 6 10 6 11 7 1 7 2 7 3 7 4 7 6 7 8 7 10 7 11 8 1 8 2 8 3 8 4 8 5 8 7 8 9 8 11 9 1 9 2 9 3 9 4 9 5 9 6 9 8 9 10 10 1 10 2 10 3 10 4 10 5 10 6 10 7 10 9 10 11 11 1 11 2 11 3 11 4 11 5 11 6 11 7 11 8 11 10
V
2 6 9
94 1 2 1 3 1 5 1 6 1 7 1 8 1 9 1 10 1 11 2 1 2 3 2 4 2 6 2 7 2 8 2 9 2 10 2 11 3 1 3 2 3 4 3 5 3 7 3 8 3 9 3 10 3 11 4 2 4 3 4 5 4 6 4 8 4 9 4 10 4 11 5 1 5 3 5 4 5 6 5 7 5 9 5 10 5 11 6 1 6 2 6 4 6 5 6 7 6 8 6 10 6 11 7 1 7 2 7 3 7 5 7 6 7 8 7 9 7 11 8 1 8 2 8 3 8 4 8 6 8 7 8 9 8 10 9 1 9 2 9 3 9 4 9 5 9 7 9 8 9 10 9 11 10 1 10 2 10 3 10 4 10 5 10 6 10 8 10 9 10 11 11 1 11 2 11 3 11 4 11 5 11 6 11 7 11 9 11 10
V
2 6 10
96 1 2 1 3 1 4 1 6 1 7 1 8 1 9 1 10 1 11 2 1 2 3 2 4 2 5 2 7 2 8 2 9 2 10 2 11 3 1 3 2 3 4 3 5 3 6 3 8 3 9 3 10 3 11 4 1 4 2 4 3 4 5 4 6 4 7 4 9 4 10 4 11 5 2 5 3 5 4 5 6 5 7 5 8 5 10 5 11 6 1 6 3 6 4 6 5 6 7 6 8 6 9 6 11 7 1 7 2 7 4 7 5 7 6 7 8 7 9 7 10 8 1 8 2 8 3 8 5 8 6 8 7 8 9 8 10 8 11 9 1 9 2 9 3 9 4 9 6 9 7 9 8 9 10 9 11 10 1 10 2 10 3 10 4 10 5 10 7 10 8 10 9 10 11 11 1 11 2 11 3 11 4 11 5 11 6 11 8 11 9 11 10
V
2 6 11
98 1 2 1 3 1 4 1 5 1 7 1 8 1 9 1 10 1 11 2 1 2 3 2 4 2 5 2 6 2 8 2 9 2 10 2 11 3 1 3 2 3 4 3 5 3 6 3 7 3 9 3 10 3 11 4 1 4 2 4 3 4 5 4 6 4 7 4 8 4 10 4 11 5 1 5 2 5 3 5 4 5 6 5 7 5 8 5 9 5 11 6 2 6 3 6 4 6 5 6 7 6 8 6 9 6 10 7 1 7 3 7 4 7 5 7 6 7 8 7 9 7 10 7 11 8 1 8 2 8 4 8 5 8 6 8 7 8 9 8 10 8 11 9 1 9 2 9 3 9 5 9 6 9 7 9 8 9 10 9 11 10 1 10 2 10 3 10 4 10 6 10 7 10 8 10 9 10 11 11 1 11 2 11 3 11 4 11 5 11 7 11 8 11 9 11 10
V
2 7 8
90 1 3 1 4 1 5 1 6 1 7 1 8 1 9 1 10 1 11 2 4 2 5 2 6 2 7 2 8 2 9 2 10 2 11 3 1 3 5 3 6 3 7 3 8 3 9 3 10 3 11 4 1 4 2 4 6 4 7 4 8 4 9 4 10 4 11 5 1 5 2 5 3 5 7 5 8 5 9 5 10 5 11 6 1 6 2 6 3 6 4 6 8 6 9 6 10 6 11 7 1 7 2 7 3 7 4 7 5 7 9 7 10 7 11 8 1 8 2 8 3 8 4 8 5 8 6 8 10 8 11 9 1 9 2 9 3 9 4 9 5 9 6 9 7 9 11 10 1 10 2 10 3 10 4 10 5 10 6 10 7 10 8 11 1 11 2 11 3 11 4 11 5 11 6 11 7 11 8 11 9
V
2 7 9
92 1 2 1 4 1 5 1 6 1 7 1 8 1 9 1 10 1 11 2 1 2 3 2 5 2 6 2 7 2 8 2 9 2 10 2 11 3 2 3 4 3 6 3 7 3 8 3 9 3 10 3 11 4 1 4 3 4 5 4 7 4 8 4 9 4 10 4 11 5 1 5 2 5 4 5 6 5 8 5 9 5 10 5 11 6 1 6 2 6 3 6 5 6 7 6 9 6 10 6 11 7 1 7 2 7 3 7 4 7 6 7 8 7 10 7 11 8 1 8 2 8 3 8 4 8 5 8 7 8 9 8 11 9 1 9 2 9 3 9 4 9 5 9 6 9 8 9 10 10 1 10 2 10 3 10 4 10 5 10 6 10 7 10 9 10 11 11 1 11 2 11 3 11 4 11 5 11 6 11 7 11 8 11 10
V
2 7 10
94 1 2 1 3 1 5 1 6 1 7 1 8 1 9 1 10 1 11 2 1 2 3 2 4 2 6 2 7 2 8 2 9 2 10 2 11 3 1 3 2 3 4 3 5 3 7 3 8 3 9 3 10 3 11 4 2 4 3 4 5 4 6 4 8 4 9 4 10 4 11 5 1 5 3 5 4 5 6 5 7 5 9 5 10 5 11 6 1 6 2 6 4 6 5 6 7 6 8 6 10 6 11 7 1 7 2 7 3 7 5 7 6 7 8 7 9 7 11 8 1 8 2 8 3 8 4 8 6 8 7 8 9 8 10 9 1 9 2 9 3 9 4 9 5 9 7 9 8 9 10 9 11 10 1 10 2 10 3 10 4 10 5 10 6 10 8 10 9 10 11 11 1 11 2 11 3 11 4 11 5 11 6 11 7 11 9 11 10
V
2 7 11
96 1 2 1 3 1 4 1 6 1 7 1 8 1 9 1 10 1 11 2 1 2 3 2 4 2 5 2 7 2 8 2 9 2 10 2 11 3 1 3 2 3 4 3 5 3 6 3 8 3 9 3 10 3 11 4 1 4 2 4 3 4 5 4 6 4 7 4 9 4 10 4 11 5 2 5 3 5 4 5 6 5 7 5 8 5 10 5 11 6 1 6 3 6 4 6 5 6 7 6 8 6 9 6 11 7 1 7 2 7 4 7 5 7 6 7 8 7 9 7 10 8 1 8 2 8 3 8 5 8 6 8 7 8 9 8 10 8 11 9 1 9 2 9 3 9 4 9 6 9 7 9 8 9 10 9 11 10 1 10 2 10 3 10 4 10 5 10 7 10 8 10 9 10 11 11 1 11 2 11 3 11 4 11 5 11 6 11 8 11 9 11 10
V
2 8 9
90 1 3 1 4 1 5 1 6 1 7 1 8 1 9 1 10 1 11 2 4 2 5 2 6 2 7 2 8 2 9 2 10 2 11 3 1 3 5 3 6 3 7 3 8 3 9 3 10 3 11 4 1 4 2 4 6 4 7 4 8 4 9 4 10 4 11 5 1 5 2 5 3 5 7 5 8 5 9 5 10 5 11 6 1 6 2 6 3 6 4 6 8 6 9 6 10 6 11 7 1 7 2 7 3 7 4 7 5 7 9 7 10 7 11 8 1 8 2 8 3 8 4 8 5 8 6 8 10 8 11 9 1 9 2 9 3 9 4 9 5 9 6 9 7 9 11 10 1 10 2 10 3 10 4 10 5 10 6 10 7 10 8 11 1 11 2 11 3 11 4 11 5 11 6 11 7 11 8 11 9
V
2 8 10
92 1 2 1 4 1 5 1 6 1 7 1 8 1 9 1 10 1 11 2 1 2 3 2 5 2 6 2 7 2 8 2 9 2 10 2 11 3 2 3 4 3 6 3 7 3 8 3 9 3 10 3 11 4 1 4 3 4 5 4 7 4 8 4 9 4 10 4 11 5 1 5 2 5 4 5 6 5 8 5 9 5 10 5 11 6 1 6 2 6 3 6 5 6 7 6 9 6 10 6 11 7 1 7 2 7 3 7 4 7 6 7 8 7 10 7 11 8 1 8 2 8 3 8 4 8 5 8 7 8 9 8 11 9 1 9 2 9 3 9 4 9 5 9 6 9 8 9 10 10 1 10 2 10 3 10 4 10 5 10 6 10 7 10 9 10 11 11 1 11 2 11 3 11 4 11 5 11 6 11 7 11 8 11 10
V
2 8 11
94 1 2 1 3 1 5 1 6 1 7 1 8 1 9 1 10 1 11 2 1 2 3 2 4 2 6 2 7 2 8 2 9 2 10 2 11 3 1 3 2 3 4 3 5 3 7 3 8 3 9 3 10 3 11 4 2 4 3 4 5 4 6 4 8 4 9 4 10 4 11 5 1 5 3 5 4 5 6 5 7 5 9 5 10 5 11 6 1 6 2 6 4 6 5 6 7 6 8 6 10 6 11 7 1 7 2 7 3 7 5 7 6 7 8 7 9 7 11 8 1 8 2 8 3 8 4 8 6 8 7 8 9 8 10 9 1 9 2 9 3 9 4 9 5 9 7 9 8 9 10 9 11 10 1 10 2 10 3 10 4 10 5 10 6 10 8 10 9 10 11 11 1 11 2 11 3 11 4 11 5 11 6 11 7 11 9 11 10
V
2 9 10
90 1 3 1 4 1 5 1 6 1 7 1 8 1 9 1 10 1 11 2 4 2 5 2 6 2 7 2 8 2 9 2 10 2 11 3 1 3 5 3 6 3 7 3 8 3 9 3 10 3 11 4 1 4 2 4 6 4 7 4 8 4 9 4 10 4 11 5 1 5 2 5 3 5 7 5 8 5 9 5 10 5 11 6 1 6 2 6 3 6 4 6 8 6 9 6 10 6 11 7 1 7 2 7 3 7 4 7 5 7 9 7 10 7 11 8 1 8 2 8 3 8 4 8 5 8 6 8 10 8 11 9 1 9 2 9 3 9 4 9 5 9 6 9 7 9 11 10 1 10 2 10 3 10 4 10 5 10 6 10 7 10 8 11 1 11 2 11 3 11 4 11 5 11 6 11 7 11 8 11 9
V
2 9 11
92 1 2 1 4 1 5 1 6 1 7 1 8 1 9 1 10 1 11 2 1 2 3 2 5 2 6 2 7 2 8 2 9 2 10 2 11 3 2 3 4 3 6 3 7 3 8 3 9 3 10 3 11 4 1 4 3 4 5 4 7 4 8 4 9 4 10 4 11 5 1 5 2 5 4 5 6 5 8 5 9 5 10 5 11 6 1 6 2 6 3 6 5 6 7 6 9 6 10 6 11 7 1 7 2 7 3 7 4 7 6 7 8 7 10 7 11 8 1 8 2 8 3 8 4 8 5 8 7 8 9 8 11 9 1 9 2 9 3 9 4 9 5 9 6 9 8 9 10 10 1 10 2 10 3 10 4 10 5 10 6 10 7 10 9 10 11 11 1 11 2 11 3 11 4 11 5 11 6 11 7 11 8 11 10
V
2 10 11
90 1 3 1 4 1 5 1 6 1 7 1 8 1 9 1 10 1 11 2 4 2 5 2 6 2 7 2 8 2 9 2 10 2 11 3 1 3 5 3 6 3 7 3 8 3 9 3 10 3 11 4 1 4 2 4 6 4 7 4 8 4 9 4 10 4 11 5 1 5 2 5 3 5 7 5 8 5 9 5 10 5 11 6 1 6 2 6 3 6 4 6 8 6 9 6 10 6 11 7 1 7 2 7 3 7 4 7 5 7 9 7 10 7 11 8 1 8 2 8 3 8 4 8 5 8 6 8 10 8 11 9 1 9 2 9 3 9 4 9 5 9 6 9 7 9 11 10 1 10 2 10 3 10 4 10 5 10 6 10 7 10 8 11 1 11 2 11 3 11 4 11 5 11 6 11 7 11 8 11 9
