13
13 1 2 3 4 5 6 7 8 9 10 11 12 13
13 1 2 3 4 5 6 7 8 9 10 11 12 13
13 1 2 3 4 5 6 7 8 9 10 11 12 13
13 1 2 3 4 5 6 7 8 9 10 11 12 13
13 1 2 3 4 5 6 7 8 9 10 11 12 13
13 1 2 3 4 5 6 7 8 9 10 11 12 13
13 1 2 3 4 5 6 7 8 9 10 11 12 13
13 1 2 3 4 5 6 7 8 9 10 11 12 13
13 1 2 3 4 5 6 7 8 9 10 11 12 13
13 1 2 3 4 5 6 7 8 9 10 11 12 13
13 1 2 3 4 5 6 7 8 9 10 11 12 13
13 1 2 3 4 5 6 7 8 9 10 11 12 13
13 1 2 3 4 5 6 7 8 9 10 11 12 13
78
V
2 1 2
132 1 3 1 4 1 5 1 6 1 7 1 8 1 9 1 10 1 11 1 12 1 13 2 4 2 5 2 6 2 7 2 8 2 9 2 10 2 11 2 12 2 13 3 1 3 5 3 6 3 7 3 8 3 9 3 10 3 11 3 12 3 13 4 1 4 2 4 6 4 7 4 8 4 9 4 10 4 11 4 12 4 13 5 1 5 2 5 3 5 7 5 8 5 9 5 10 5 11 5 12 5 13 6 1 6 2 6 3 6 4 6 8 6 9 6 10 6 11 6 12 6 13 7 1 7 2 7 3 7 4 7 5 7 9 7 10 7 11 7 12 7 13 8 1 8 2 8 3 8 4 8 5 8 6 8 10 8 11 8 12 8 13 9 1 9 2 9 3 9 4 9 5 9 6 9 7 9 11 9 12 9 13 10 1 10 2 10 3 10 4 10 5 10 6 10 7 10 8 10 12 10 13 11 1 11 2 11 3 11 4 11 5 11 6 11 7 11 8 11 9 11 13 12 1 12 2 12 3 12 4 12 5 12 6 12 7 12 8 12 9 12 10 13 1 13 2 13 3 13 4 13 5 13 6 13 7 13 8 13 9 13 10 13 11
V
2 1 3
134 1 2 1 4 1 5 1 6 1 7 1 8 1 9 1 10 1 11 1 12 1 13 2 1 2 3 2 5 2 6 2 7 2 8 2 9 2 10 2 11 2 12 2 13 3 2 3 4 3 6 3 7 3 8 3 9 3 10 3 11 3 12 3 13 4 1 4 3 4 5 4 7 4 8 4 9 4 10 4 11 4 12 4 13 5 1 5 2 5 4 5 6 5 8 5 9 5 10 5 11 5 12 5 13 6 1 6 2 6 3 6 5 6 7 6 9 6 10 6 11 6 12 6 13 7 1 7 2 7 3 7 4 7 6 7 8 7 10 7 11 7 12 7 13 8 1 8 2 8 3 8 4 8 5 8 7 8 9 8 11 8 12 8 13 9 1 9 2 9 3 9 4 9 5 9 6 9 8 9 10 9 12 9 13 10 1 10 2 10 3 10 4 10 5 10 6 10 7 10 9 10 11 10 13 11 1 11 2 11 3 11 4 11 5 11 6 11 7 11 8 11 10 11 12 12 1 12 2 12 3 12 4 12 5 12 6 12 7 12 8 12 9 12 11 12 13 13 1 13 2 13 3 13 4 13 5 13 6 13 7 13 8 13 9 13 10 13 12
V
2 1 4
136 1 2 1 3 1 5 1 6 1 7 1 8 1 9 1 10 1 11 1 12 1 13 2 1 2 3 2 4 2 6 2 7 2 8 2 9 2 10 2 11 2 12 2 13 3 1 3 2 3 4 3 5 3 7 3 8 3 9 3 10 3 11 3 12 3 13 4 2 4 3 4 5 4 6 4 8 4 9 4 10 4 11 4 12 4 13 5 1 5 3 5 4 5 6 5 7 5 9 5 10 5 11 5 12 5 13 6 1 6 2 6 4 6 5 6 7 6 8 6 10 6 11 6 12 6 13 7 1 7 2 7 3 7 5 7 6 7 8 7 9 7 11 7 12 7 13 8 1 8 2 8 3 8 4 8 6 8 7 8 9 8 10 8 12 8 13 9 1 9 2 9 3 9 4 9 5 9 7 9 8 9 10 9 11 9 13 10 1 10 2 10 3 10 4 10 5 10 6 10 8 10 9 10 11 10 12 11 1 11 2 11 3 11 4 11 5 11 6 11 7 11 9 11 10 11 12 11 13 12 1 12 2 12 3 12 4 12 5 12 6 12 7 12 8 12 10 12 11 12 13 13 1 13 2 13 3 13 4 13 5 13 6 13 7 13 8 13 9 13 11 13 12
V
2 1 5
138 1 2 1 3 1 4 1 6 1 7 1 8 1 9 1 10 1 11 1 12 1 13 2 1 2 3 2 4 2 5 2 7 2 8 2 9 2 10 2 11 2 12 2 13 3 1 3 2 3 4 3 5 3 6 3 8 3 9 3 10 3 11 3 12 3 13 4 1 4 2 4 3 4 5 4 6 4 7 4 9 4 10 4 11 4 12 4 13 5 2 5 3 5 4 5 6 5 7 5 8 5 10 5 11 5 12 5 13 6 1 6 3 6 4 6 5 6 7 6 8 6 9 6 11 6 12 6 13 7 1 7 2 7 4 7 5 7 6 7 8 7 9 7 10 7 12 7 13 8 1 8 2 8 3 8 5 8 6 8 7 8 9 8 10 8 11 8 13 9 1 9 2 9 3 9 4 9 6 9 7 9 8 9 10 9 11 9 12 10 1 10 2 10 3 10 4 10 5 10 7 10 8 10 9 10 11 10 12 10 13 11 1 11 2 11 3 11 4 11 5 11 6 11 8 11 9 11 10 11 12 11 13 12 1 12 2 12 3 12 4 12 5 12 6 12 7 12 9 12 10 12 11 12 13 13 1 13 2 13 3 13 4 13 5 13 6 13 7 13 8 13 10 13 11 13 12
V
2 1 6
140 1 2 1 3 1 4 1 5 1 7 1 8 1 9 1 10 1 11 1 12 1 13 2 1 2 3 2 4 2 5 2 6 2 8 2 9 2 10 2 11 2 12 2 13 3 1 3 2 3 4 3 5 3 6 3 7 3 9 3 10 3 11 3 12 3 13 4 1 4 2 4 3 4 5 4 6 4 7 4 8 4 10 4 11 4 12 4 13 5 1 5 2 5 3 5 4 5 6 5 7 5 8 5 9 5 11 5 12 5 13 6 2 6 3 6 4 6 5 6 7 6 8 6 9 6 10 6 12 6 13 7 1 7 3 7 4 7 5 7 6 7 8 7 9 7 10 7 11 7 13 8 1 8 2 8 4 8 5 8 6 8 7 8 9 8 10 8 11 8 12 9 1 9 2 9 3 9 5 9 6 9 7 9 8 9 10 9 11 9 12 9 13 10 1 10 2 10 3 10 4 10 6 10 7 10 8 10 9 10 11 10 12 10 13 11 1 11 2 11 3 11 4 11 5 11 7 11 8 11 9 11 10 11 12 11 13 12 1 12 2 12 3 12 4 12 5 12 6 12 8 12 9 12 10 12 11 12 13 13 1 13 2 13 3 13 4 13 5 13 6 13 7 13 9 13 10 13 11 13 12
V
2 1 7
142 1 2 1 3 1 4 1 5 1 6 1 8 1 9 1 10 1 11 1 12 1 13 2 1 2 3 2 4 2 5 2 6 2 7 2 9 2 10 2 11 2 12 2 13 3 1 3 2 3 4 3 5 3 6 3 7 3 8 3 10 3 11 3 12 3 13 4 1 4 2 4 3 4 5 4 6 4 7 4 8 4 9 4 11 4 12 4 13 5 1 5 2 5 3 5 4 5 6 5 7 5 8 5 9 5 10 5 12 5 13 6 1 6 2 6 3 6 4 6 5 6 7 6 8 6 9 6 10 6 11 6 13 7 2 7 3 7 4 7 5 7 6 7 8 7 9 7 10 7 11 7 12 8 1 8 3 8 4 8 5 8 6 8 7 8 9 8 10 8 11 8 12 8 13 9 1 9 2 9 4 9 5 9 6 9 7 9 8 9 10 9 11 9 12 9 13 10 1 10 2 10 3 10 5 10 6 10 7 10 8 10 9 10 11 10 12 10 13 11 1 11 2 11 3 11 4 11 6 11 7 11 8 11 9 11 10 11 12 11 13 12 1 12 2 12 3 12 4 12 5 12 7 12 8 12 9 12 10 12 11 12 13 13 1 13 2 13 3 13 4 13 5 13 6 13 8 13 9 13 10 13 11 13 12
V
2 1 8
144 1 2 1 3 1 4 1 5 1 6 1 7 1 9 1 10 1 11 1 12 1 13 2 1 2 3 2 4 2 5 2 6 2 7 2 8 2 10 2 11 2 12 2 13 3 1 3 2 3 4 3 5 3 6 3 7 3 8 3 9 3 11 3 12 3 13 4 1 4 2 4 3 4 5 4 6 4 7 4 8 4 9 4 10 4 12 4 13 5 1 5 2 5 3 5 4 5 6 5 7 5 8 5 9 5 10 5 11 5 13 6 1 6 2 6 3 6 4 6 5 6 7 6 8 6 9 6 10 6 11 6 12 7 1 7 2 7 3 7 4 7 5 7 6 7 8 7 9 7 10 7 11 7 12 7 13 8 2 8 3 8 4 8 5 8 6 8 7 8 9 8 10 8 11 8 12 8 13 9 1 9 3 9 4 9 5 9 6 9 7 9 8 9 10 9 11 9 12 9 13 10 1 10 2 10 4 10 5 10 6 10 7 10 8 10 9 10 11 10 12 10 13 11 1 11 2 11 3 11 5 11 6 11 7 11 8 11 9 11 10 11 12 11 13 12 1 12 2 12 3 12 4 12 6 12 7 12 8 12 9 12 10 12 11 12 13 13 1 13 2 13 3 13 4 13 5 13 7 13 8 13 9 13 10 13 11 13 12
V
2 1 9
146 1 2 1 3 1 4 1 5 1 6 1 7 1 8 1 10 1 11 1 12 1 13 2 1 2 3 2 4 2 5 2 6 2 7 2 8 2 9 2 11 2 12 2 13 3 1 3 2 3 4 3 5 3 6 3 7 3 8 3 9 3 10 3 12 3 13 4 1 4 2 4 3 4 5 4 6 4 7 4 8 4 9 4 10 4 11 4 13 5 1 5 2 5 3 5 4 5 6 5 7 5 8 5 9 5 10 5 11 5 12 6 1 6 2 6 3 6 4 6 5 6 7 6 8 6 9 6 10 6 11 6 12 6 13 7 1 7 2 7 3 7 4 7 5 7 6 7 8 7 9 7 10 7 11 7 12 7 13 8 1 8 2 8 3 8 4 8 5 8 6 8 7 8 9 8 10 8 11 8 12 8 13 9 2 9 3 9 4 9 5 9 6 9 7 9 8 9 10 9 11 9 12 9 13 10 1 10 3 10 4 10 5 10 6 10 7 10 8 10 9 10 11 10 12 10 13 11 1 11 2 11 4 11 5 11 6 11 7 11 8 11 9 11 10 11 12 11 13 12 1 12 2 12 3 12 5 12 6 12 7 12 8 12 9 12 10 12 11 12 13 13 1 13 2 13 3 13 4 13 6 13 7 13 8 13 9 13 10 13 11 13 12
V
2 1 10
148 1 2 1 3 1 4 1 5 1 6 1 7 1 8 1 9 1 11 1 12 1 13 2 1 2 3 2 4 2 5 2 6 2 7 2 8 2 9 2 10 2 12 2 13 3 1 3 2 3 4 3 5 3 6 3 7 3 8 3 9 3 10 3 11 3 13 4 1 4 2 4 3 4 5 4 6 4 7 4 8 4 9 4 10 4 11 4 12 5 1 5 2 5 3 5 4 5 6 5 7 5 8 5 9 5 10 5 11 5 12 5 13 6 1 6 2 6 3 6 4 6 5 6 7 6 8 6 9 6 10 6 11 6 12 6 13 7 1 7 2 7 3 7 4 7 5 7 6 7 8 7 9 7 10 7 11 7 12 7 13 8 1 8 2 8 3 8 4 8 5 8 6 8 7 8 9 8 10 8 11 8 12 8 13 9 1 9 2 9 3 9 4 9 5 9 6 9 7 9 8 9 10 9 11 9 12 9 13 10 2 10 3 10 4 10 5 10 6 10 7 10 8 10 9 10 11 10 12 10 13 11 1 11 3 11 4 11 5 11 6 11 7 11 8 11 9 11 10 11 12 11 13 12 1 12 2 12 4 12 5 12 6 12 7 12 8 12 9 12 10 12 11 12 13 13 1 13 2 13 3 13 5 13 6 13 7 13 8 13 9 13 10 13 11 13 12
V
2 1 11
150 1 2 1 3 1 4 1 5 1 6 1 7 1 8 1 9 1 10 1 12 1 13 2 1 2 3 2 4 2 5 2 6 2 7 2 8 2 9 2 10 2 11 2 13 3 1 3 2 3 4 3 5 3 6 3 7 3 8 3 9 3 10 3 11 3 12 4 1 4 2 4 3 4 5 4 6 4 7 4 8 4 9 4 10 4 11 4 12 4 13 5 1 5 2 5 3 5 4 5 6 5 7 5 8 5 9 5 10 5 11 5 12 5 13 6 1 6 2 6 3 6 4 6 5 6 7 6 8 6 9 6 10 6 11 6 12 6 13 7 1 7 2 7 3 7 4 7 5 7 6 7 8 7 9 7 10 7 11 7 12 7 13 8 1 8 2 8 3 8 4 8 5 8 6 8 7 8 9 8 10 8 11 8 12 8 13 9 1 9 2 9 3 9 4 9 5 9 6 9 7 9 8 9 10 9 11 9 12 9 13 10 1 10 2 10 3 10 4 10 5 10 6 10 7 10 8 10 9 10 11 10 12 10 13 11 2 11 3 11 4 11 5 11 6 11 7 11 8 11 9 11 10 11 12 11 13 12 1 12 3 12 4 12 5 12 6 12 7 12 8 12 9 12 10 12 11 12 13 13 1 13 2 13 4 13 5 13 6 13 7 13 8 13 9 13 10 13 11 13 12
V
2 1 12
152 1 2 1 3 1 4 1 5 1 6 1 7 1 8 1 9 1 10 1 11 1 13 2 1 2 3 2 4 2 5 2 6 2 7 2 8 2 9 2 10 2 11 2 12 3 1 3 2 3 4 3 5 3 6 3 7 3 8 3 9 3 10 3 11 3 12 3 13 4 1 4 2 4 3 4 5 4 6 4 7 4 8 4 9 4 10 4 11 4 12 4 13 5 1 5 2 5 3 5 4 5 6 5 7 5 8 5 9 5 10 5 11 5 12 5 13 6 1 6 2 6 3 6 4 6 5 6 7 6 8 6 9 6 10 6 11 6 12 6 13 7 1 7 2 7 3 7 4 7 5 7 6 7 8 7 9 7 10 7 11 7 12 7 13 8 1 8 2 8 3 8 4 8 5 8 6 8 7 8 9 8 10 8 11 8 12 8 13 9 1 9 2 9 3 9 4 9 5 9 6 9 7 9 8 9 10 9 11 9 12 9 13 10 1 10 2 10 3 10 4 10 5 10 6 10 7 10 8 10 9 10 11 10 12 10 13 11 1 11 2 11 3 11 4 11 5 11 6 11 7 11 8 11 9 11 10 11 12 11 13 12 2 12 3 12 4 12 5 12 6 12 7 12 8 12 9 12 10 12 11 12 13 13 1 13 3 13 4 13 5 13 6 13 7 13 8 13 9 13 10 13 11 13 12
V
2 1 13
154 1 2 1 3 1 4 1 5 1 6 1 7 1 8 1 9 1 10 1 11 1 12 2 1 2 3 2 4 2 5 2 6 2 7 2 8 2 9 2 10 2 11 2 12 2 13 3 1 3 2 3 4 3 5 3 6 3 7 3 8 3 9 3 10 3 11 3 12 3 13 4 1 4 2 4 3 4 5 4 6 4 7 4 8 4 9 4 10 4 11 4 12 4 13 5 1 5 2 5 3 5 4 5 6 5 7 5 8 5 9 5 10 5 11 5 12 5 13 6 1 6 2 6 3 6 4 6 5 6 7 6 8 6 9 6 10 6 11 6 12 6 13 7 1 7 2 7 3 7 4 7 5 7 6 7 8 7 9 7 10 7 11 7 12 7 13 8 1 8 2 8 3 8 4 8 5 8 6 8 7 8 9 8 10 8 11 8 12 8 13 9 1 9 2 9 3 9 4 9 5 9 6 9 7 9 8 9 10 9 11 9 12 9 13 10 1 10 2 10 3 10 4 10 5 10 6 10 7 10 8 10 9 10 11 10 12 10 13 11 1 11 2 11 3 11 4 11 5 11 6 11 7 11 8 11 9 11 10 11 12 11 13 12 1 12 2 12 3 12 4 12 5 12 6 12 7 12 8 12 9 12 10 12 11 12 13 13 2 13 3 13 4 13 5 13 6 13 7 13 8 13 9 13 10 13 11 13 12
V
2 2 3
132 1 3 1 4 1 5 1 6 1 7 1 8 1 9 1 10 1 11 1 12 1 13 2 4 2 5 2 6 2 7 2 8 2 9 2 10 2 11 2 12 2 13 3 1 3 5 3 6 3 7 3 8 3 9 3 10 3 11 3 12 3 13 4 1 4 2 4 6 4 7 4 8 4 9 4 10 4 11 4 12 4 13 5 1 5 2 5 3 5 7 5 8 5 9 5 10 5 11 5 12 5 13 6 1 6 2 6 3 6 4 6 8 6 9 6 10 6 11 6 12 6 13 7 1 7 2 7 3 7 4 7 5 7 9 7 10 7 11 7 12 7 13 8 1 8 2 8 3 8 4 8 5 8 6 8 10 8 11 8 12 8 13 9 1 9 2 9 3 9 4 9 5 9 6 9 7 9 11 9 12 9 13 10 1 10 2 10 3 10 4 10 5 10 6 10 7 10 8 10 12 10 13 11 1 11 2 11 3 11 4 11 5 11 6 11 7 11 8 11 9 11 13 12 1 12 2 12 3 12 4 12 5 12 6 12 7 12 8 12 9 12 10 13 1 13 2 13 3 13 4 13 5 13 6 13 7 13 8 13 9 13 10 13 11
V
2 2 4
134 1 2 1 4 1 5 1 6 1 7 1 8 1 9 1 10 1 11 1 12 1 13 2 1 2 3 2 5 2 6 2 7 2 8 2 9 2 10 2 11 2 12 2 13 3 2 3 4 3 6 3 7 3 8 3 9 3 10 3 11 3 12 3 13 4 1 4 3 4 5 4 7 4 8 4 9 4 10 4 11 4 12 4 13 5 1 5 2 5 4 5 6 5 8 5 9 5 10 5 11 5 12 5 13 6 1 6 2 6 3 6 5 6 7 6 9 6 10 6 11 6 12 6 13 7 1 7 2 7 3 7 4 7 6 7 8 7 10 7 11 7 12 7 13 8 1 8 2 8 3 8 4 8 5 8 7 8 9 8 11 8 12 8 13 9 1 9 2 9 3 9 4 9 5 9 6 9 8 9 10 9 12 9 13 10 1 10 2 10 3 10 4 10 5 10 6 10 7 10 9 10 11 10 13 11 1 11 2 11 3 11 4 11 5 11 6 11 7 11 8 11 10 11 12 12 1 12 2 12 3 12 4 12 5 12 6 12 7 12 8 12 9 12 11 12 13 13 1 13 2 13 3 13 4 13 5 13 6 13 7 13 8 13 9 13 10 13 12
V
2 2 5
136 1 2 1 3 1 5 1 6 1 7 1 8 1 9 1 10 1 11 1 12 1 13 2 1 2 3 2 4 2 6 2 7 2 8 2 9 2 10 2 11 2 12 2 13 3 1 3 2 3 4 3 5 3 7 3 8 3 9 3 10 3 11 3 12 3 13 4 2 4 3 4 5 4 6 4 8 4 9 4 10 4 11 4 12 4 13 5 1 5 3 5 4 5 6 5 7 5 9 5 10 5 11 5 12 5 13 6 1 6 2 6 4 6 5 6 7 6 8 6 10 6 11 6 12 6 13 7 1 7 2 7 3 7 5 7 6 7 8 7 9 7 11 7 12 7 13 8 1 8 2 8 3 8 4 8 6 8 7 8 9 8 10 8 12 8 13 9 1 9 2 9 3 9 4 9 5 9 7 9 8 9 10 9 11 9 13 10 1 10 2 10 3 10 4 10 5 10 6 10 8 10 9 10 11 10 12 11 1 11 2 11 3 11 4 11 5 11 6 11 7 11 9 11 10 11 12 11 13 12 1 12 2 12 3 12 4 12 5 12 6 12 7 12 8 12 10 12 11 12 13 13 1 13 2 13 3 13 4 13 5 13 6 13 7 13 8 13 9 13 11 13 12
V
2 2 6
138 1 2 1 3 1 4 1 6 1 7 1 8 1 9 1 10 1 11 1 12 1 13 2 1 2 3 2 4 2 5 2 7 2 8 2 9 2 10 2 11 2 12 2 13 3 1 3 2 3 4 3 5 3 6 3 8 3 9 3 10 3 11 3 12 3 13 4 1 4 2 4 3 4 5 4 6 4 7 4 9 4 10 4 11 4 12 4 13 5 2 5 3 5 4 5 6 5 7 5 8 5 10 5 11 5 12 5 13 6 1 6 3 6 4 6 5 6 7 6 8 6 9 6 11 6 12 6 13 7 1 7 2 7 4 7 5 7 6 7 8 7 9 7 10 7 12 7 13 8 1 8 2 8 3 8 5 8 6 8 7 8 9 8 10 8 11 8 13 9 1 9 2 9 3 9 4 9 6 9 7 9 8 9 10 9 11 9 12 10 1 10 2 10 3 10 4 10 5 10 7 10 8 10 9 10 11 10 12 10 13 11 1 11 2 11 3 11 4 11 5 11 6 11 8 11 9 11 10 11 12 11 13 12 1 12 2 12 3 12 4 12 5 12 6 12 7 12 9 12 10 12 11 12 13 13 1 13 2 13 3 13 4 13 5 13 6 13 7 13 8 13 10 13 11 13 12
V
2 2 7
140 1 2 1 3 1 4 1 5 1 7 1 8 1 9 1 10 1 11 1 12 1 13 2 1 2 3 2 4 2 5 2 6 2 8 2 9 2 10 2 11 2 12 2 13 3 1 3 2 3 4 3 5 3 6 3 7 3 9 3 10 3 11 3 12 3 13 4 1 4 2 4 3 4 5 4 6 4 7 4 8 4 10 4 11 4 12 4 13 5 1 5 2 5 3 5 4 5 6 5 7 5 8 5 9 5 11 5 12 5 13 6 2 6 3 6 4 6 5 6 7 6 8 6 9 6 10 6 12 6 13 7 1 7 3 7 4 7 5 7 6 7 8 7 9 7 10 7 11 7 13 8 1 8 2 8 4 8 5 8 6 8 7 8 9 8 10 8 11 8 12 9 1 9 2 9 3 9 5 9 6 9 7 9 8 9 10 9 11 9 12 9 13 10 1 10 2 10 3 10 4 10 6 10 7 10 8 10 9 10 11 10 12 10 13 11 1 11 2 11 3 11 4 11 5 11 7 11 8 11 9 11 10 11 12 11 13 12 1 12 2 12 3 12 4 12 5 12 6 12 8 12 9 12 10 12 11 12 13 13 1 13 2 13 3 13 4 13 5 13 6 13 7 13 9 13 10 13 11 13 12
V
2 2 8
142 1 2 1 3 1 4 1 5 1 6 1 8 1 9 1 10 1 11 1 12 1 13 2 1 2 3 2 4 2 5 2 6 2 7 2 9 2 10 2 11 2 12 2 13 3 1 3 2 3 4 3 5 3 6 3 7 3 8 3 10 3 11 3 12 3 13 4 1 4 2 4 3 4 5 4 6 4 7 4 8 4 9 4 11 4 12 4 13 5 1 5 2 5 3 5 4 5 6 5 7 5 8 5 9 5 10 5 12 5 13 6 1 6 2 6 3 6 4 6 5 6 7 6 8 6 9 6 10 6 11 6 13 7 2 7 3 7 4 7 5 7 6 7 8 7 9 7 10 7 11 7 12 8 1 8 3 8 4 8 5 8 6 8 7 8 9 8 10 8 11 8 12 8 13 9 1 9 2 9 4 9 5 9 6 9 7 9 8 9 10 9 11 9 12 9 13 10 1 10 2 10 3 10 5 10 6 10 7 10 8 10 9 10 11 10 12 10 13 11 1 11 2 11 3 11 4 11 6 11 7 11 8 11 9 11 10 11 12 11 13 12 1 12 2 12 3 12 4 12 5 12 7 12 8 12 9 12 10 12 11 12 13 13 1 13 2 13 3 13 4 13 5 13 6 13 8 13 9 13 10 13 11 13 12
V
2 2 9
144 1 2 1 3 1 4 1 5 1 6 1 7 1 9 1 10 1 11 1 12 1 13 2 1 2 3 2 4 2 5 2 6 2 7 2 8 2 10 2 11 2 12 2 13 3 1 3 2 3 4 3 5 3 6 3 7 3 8 3 9 3 11 3 12 3 13 4 1 4 2 4 3 4 5 4 6 4 7 4 8 4 9 4 10 4 12 4 13 5 1 5 2 5 3 5 4 5 6 5 7 5 8 5 9 5 10 5 11 5 13 6 1 6 2 6 3 6 4 6 5 6 7 6 8 6 9 6 10 6 11 6 12 7 1 7 2 7 3 7 4 7 5 7 6 7 8 7 9 7 10 7 11 7 12 7 13 8 2 8 3 8 4 8 5 8 6 8 7 8 9 8 10 8 11 8 12 8 13 9 1 9 3 9 4 9 5 9 6 9 7 9 8 9 10 9 11 9 12 9 13 10 1 10 2 10 4 10 5 10 6 10 7 10 8 10 9 10 11 10 12 10 13 11 1 11 2 11 3 11 5 11 6 11 7 11 8 11 9 11 10 11 12 11 13 12 1 12 2 12 3 12 4 12 6 12 7 12 8 12 9 12 10 12 11 12 13 13 1 13 2 13 3 13 4 13 5 13 7 13 8 13 9 13 10 13 11 13 12
V
2 2 10
146 1 2 1 3 1 4 1 5 1 6 1 7 1 8 1 10 1 11 1 12 1 13 2 1 2 3 2 4 2 5 2 6 2 7 2 8 2 9 2 11 2 12 2 13 3 1 3 2 3 4 3 5 3 6 3 7 3 8 3 9 3 10 3 12 3 13 4 1 4 2 4 3 4 5 4 6 4 7 4 8 4 9 4 10 4 11 4 13 5 1 5 2 5 3 5 4 5 6 5 7 5 8 5 9 5 10 5 11 5 12 6 1 6 2 6 3 6 4 6 5 6 7 6 8 6 9 6 10 6 11 6 12 6 13 7 1 7 2 7 3 7 4 7 5 7 6 7 8 7 9 7 10 7 11 7 12 7 13 8 1 8 2 8 3 8 4 8 5 8 6 8 7 8 9 8 10 8 11 8 12 8 13 9 2 9 3 9 4 9 5 9 6 9 7 9 8 9 10 9 11 9 12 9 13 10 1 10 3 10 4 10 5 10 6 10 7 10 8 10 9 10 11 10 12 10 13 11 1 11 2 11 4 11 5 11 6 11 7 11 8 11 9 11 10 11 12 11 13 12 1 12 2 12 3 12 5 12 6 12 7 12 8 12 9 12 10 12 11 12 13 13 1 13 2 13 3 13 4 13 6 13 7 13 8 13 9 13 10 13 11 13 12
V
2 2 11
148 1 2 1 3 1 4 1 5 1 6 1 7 1 8 1 9 1 11 1 12 1 13 2 1 2 3 2 4 2 5 2 6 2 7 2 8 2 9 2 10 2 12 2 13 3 1 3 2 3 4 3 5 3 6 3 7 3 8 3 9 3 10 3 11 3 13 4 1 4 2 4 3 4 5 4 6 4 7 4 8 4 9 4 10 4 11 4 12 5 1 5 2 5 3 5 4 5 6 5 7 5 8 5 9 5 10 5 11 5 12 5 13 6 1 6 2 6 3 6 4 6 5 6 7 6 8 6 9 6 10 6 11 6 12 6 13 7 1 7 2 7 3 7 4 7 5 7 6 7 8 7 9 7 10 7 11 7 12 7 13 8 1 8 2 8 3 8 4 8 5 8 6 8 7 8 9 8 10 8 11 8 12 8 13 9 1 9 2 9 3 9 4 9 5 9 6 9 7 9 8 9 10 9 11 9 12 9 13 10 2 10 3 10 4 10 5 10 6 10 7 10 8 10 9 10 11 10 12 10 13 11 1 11 3 11 4 11 5 11 6 11 7 11 8 11 9 11 10 11 12 11 13 12 1 12 2 12 4 12 5 12 6 12 7 12 8 12 9 12 10 12 11 12 13 13 1 13 2 13 3 13 5 13 6 13 7 13 8 13 9 13 10 13 11 13 12
V
2 2 12
150 1 2 1 3 1 4 1 5 1 6 1 7 1 8 1 9 1 10 1 12 1 13 2 1 2 3 2 4 2 5 2 6 2 7 2 8 2 9 2 10 2 11 2 13 3 1 3 2 3 4 3 5 3 6 3 7 3 8 3 9 3 10 3 11 3 12 4 1 4 2 4 3 4 5 4 6 4 7 4 8 4 9 4 10 4 11 4 12 4 13 5 1 5 2 5 3 5 4 5 6 5 7 5 8 5 9 5 10 5 11 5 12 5 13 6 1 6 2 6 3 6 4 6 5 6 7 6 8 6 9 6 10 6 11 6 12 6 13 7 1 7 2 7 3 7 4 7 5 7 6 7 8 7 9 7 10 7 11 7 12 7 13 8 1 8 2 8 3 8 4 8 5 8 6 8 7 8 9 8 10 8 11 8 12 8 13 9 1 9 2 9 3 9 4 9 5 9 6 9 7 9 8 9 10 9 11 9 12 9 13 10 1 10 2 10 3 10 4 10 5 10 6 10 7 10 8 10 9 10 11 10 12 10 13 11 2 11 3 11 4 11 5 11 6 11 7 11 8 11 9 11 10 11 12 11 13 12 1 12 3 12 4 12 5 12 6 12 7 12 8 12 9 12 10 12 11 12 13 13 1 13 2 13 4 13 5 13 6 13 7 13 8 13 9 13 10 13 11 13 12
V
2 2 13
152 1 2 1 3 1 4 1 5 1 6 1 7 1 8 1 9 1 10 1 11 1 13 2 1 2 3 2 4 2 5 2 6 2 7 2 8 2 9 2 10 2 11 2 12 3 1 3 2 3 4 3 5 3 6 3 7 3 8 3 9 3 10 3 11 3 12 3 13 4 1 4 2 4 3 4 5 4 6 4 7 4 8 4 9 4 10 4 11 4 12 4 13 5 1 5 2 5 3 5 4 5 6 5 7 5 8 5 9 5 10 5 11 5 12 5 13 6 1 6 2 6 3 6 4 6 5 6 7 6 8 6 9 6 10 6 11 6 12 6 13 7 1 7 2 7 3 7 4 7 5 7 6 7 8 7 9 7 10 7 11 7 12 7 13 8 1 8 2 8 3 8 4 8 5 8 6 8 7 8 9 8 10 8 11 8 12 8 13 9 1 9 2 9 3 9 4 9 5 9 6 9 7 9 8 9 10 9 11 9 12 9 13 10 1 10 2 10 3 10 4 10 5 10 6 10 7 10 8 10 9 10 11 10 12 10 13 11 1 11 2 11 3 11 4 11 5 11 6 11 7 11 8 11 9 11 10 11 12 11 13 12 2 12 3 12 4 12 5 12 6 12 7 12 8 12 9 12 10 12 11 12 13 13 1 13 3 13 4 13 5 13 6 13 7 13 8 13 9 13 10 13 11 13 12
V
2 3 4
132 1 3 1 4 1 5 1 6 1 7 1 8 1 9 1 10 1 11 1 12 1 13 2 4 2 5 2 6 2 7 2 8 2 9 2 10 2 11 2 12 2 13 3 1 3 5 3 6 3 7 3 8 3 9 3 10 3 11 3 12 3 13 4 1 4 2 4 6 4 7 4 8 4 9 4 10 4 11 4 12 4 13 5 1 5 2 5 3 5 7 5 8 5 9 5 10 5 11 5 12 5 13 6 1 6 2 6 3 6 4 6 8 6 9 6 10 6 11 6 12 6 13 7 1 7 2 7 3 7 4 7 5 7 9 7 10 7 11 7 12 7 13 8 1 8 2 8 3 8 4 8 5 8 6 8 10 8 11 8 12 8 13 9 1 9 2 9 3 9 4 9 5 9 6 9 7 9 11 9 12 9 13 10 1 10 2 10 3 10 4 10 5 10 6 10 7 10 8 10 12 10 13 11 1 11 2 11 3 11 4 11 5 11 6 11 7 11 8 11 9 11 13 12 1 12 2 12 3 12 4 12 5 12 6 12 7 12 8 12 9 12 10 13 1 13 2 13 3 13 4 13 5 13 6 13 7 13 8 13 9 13 10 13 11
V
2 3 5
134 1 2 1 4 1 5 1 6 1 7 1 8 1 9 1 10 1 11 1 12 1 13 2 1 2 3 2 5 2 6 2 7 2 8 2 9 2 10 2 11 2 12 2 13 3 2 3 4 3 6 3 7 3 8 3 9 3 10 3 11 3 12 3 13 4 1 4 3 4 5 4 7 4 8 4 9 4 10 4 11 4 12 4 13 5 1 5 2 5 4 5 6 5 8 5 9 5 10 5 11 5 12 5 13 6 1 6 2 6 3 6 5 6 7 6 9 6 10 6 11 6 12 6 13 7 1 7 2 7 3 7 4 7 6 7 8 7 10 7 11 7 12 7 13 8 1 8 2 8 3 8 4 8 5 8 7 8 9 8 11 8 12 8 13 9 1 9 2 9 3 9 4 9 5 9 6 9 8 9 10 9 12 9 13 10 1 10 2 10 3 10 4 10 5 10 6 10 7 10 9 10 11 10 13 11 1 11 2 11 3 11 4 11 5 11 6 11 7 11 8 11 10 11 12 12 1 12 2 12 3 12 4 12 5 12 6 12 7 12 8 12 9 12 11 12 13 13 1 13 2 13 3 13 4 13 5 13 6 13 7 13 8 13 9 13 10 13 12
V
2 3 6
136 1 2 1 3 1 5 1 6 1 7 1 8 1 9 1 10 1 11 1 12 1 13 2 1 2 3 2 4 2 6 2 7 2 8 2 9 2 10 2 11 2 12 2 13 3 1 3 2 3 4 3 5 3 7 3 8 3 9 3 10 3 11 3 12 3 13 4 2 4 3 4 5 4 6 4 8 4 9 4 10 4 11 4 12 4 13 5 1 5 3 5 4 5 6 5 7 5 9 5 10 5 11 5 12 5 13 6 1 6 2 6 4 6 5 6 7 6 8 6 10 6 11 6 12 6 13 7 1 7 2 7 3 7 5 7 6 7 8 7 9 7 11 7 12 7 13 8 1 8 2 8 3 8 4 8 6 8 7 8 9 8 10 8 12 8 13 9 1 9 2 9 3 9 4 9 5 9 7 9 8 9 10 9 11 9 13 10 1 10 2 10 3 10 4 10 5 10 6 10 8 10 9 10 11 10 12 11 1 11 2 11 3 11 4 11 5 11 6 11 7 11 9 11 10 11 12 11 13 12 1 12 2 12 3 12 4 12 5 12 6 12 7 12 8 12 10 12 11 12 13 13 1 13 2 13 3 13 4 13 5 13 6 13 7 13 8 13 9 13 11 13 12
V
2 3 7
138 1 2 1 3 1 4 1 6 1 7 1 8 1 9 1 10 1 11 1 12 1 13 2 1 2 3 2 4 2 5 2 7 2 8 2 9 2 10 2 11 2 12 2 13 3 1 3 2 3 4 3 5 3 6 3 8 3 9 3 10 3 11 3 12 3 13 4 1 4 2 4 3 4 5 4 6 4 7 4 9 4 10 4 11 4 12 4 13 5 2 5 3 5 4 5 6 5 7 5 8 5 10 5 11 5 12 5 13 6 1 6 3 6 4 6 5 6 7 6 8 6 9 6 11 6 12 6 13 7 1 7 2 7 4 7 5 7 6 7 8 7 9 7 10 7 12 7 13 8 1 8 2 8 3 8 5 8 6 8 7 8 9 8 10 8 11 8 13 9 1 9 2 9 3 9 4 9 6 9 7 9 8 9 10 9 11 9 12 10 1 10 2 10 3 10 4 10 5 10 7 10 8 10 9 10 11 10 12 10 13 11 1 11 2 11 3 11 4 11 5 11 6 11 8 11 9 11 10 11 12 11 13 12 1 12 2 12 3 12 4 12 5 12 6 12 7 12 9 12 10 12 11 12 13 13 1 13 2 13 3 13 4 13 5 13 6 13 7 13 8 13 10 13 11 13 12
V
2 3 8
140 1 2 1 3 1 4 1 5 1 7 1 8 1 9 1 10 1 11 1 12 1 13 2 1 2 3 2 4 2 5 2 6 2 8 2 9 2 10 2 11 2 12 2 13 3 1 3 2 3 4 3 5 3 6 3 7 3 9 3 10 3 11 3 12 3 13 4 1 4 2 4 3 4 5 4 6 4 7 4 8 4 10 4 11 4 12 4 13 5 1 5 2 5 3 5 4 5 6 5 7 5 8 5 9 5 11 5 12 5 13 6 2 6 3 6 4 6 5 6 7 6 8 6 9 6 10 6 12 6 13 7 1 7 3 7 4 7 5 7 6 7 8 7 9 7 10 7 11 7 13 8 1 8 2 8 4 8 5 8 6 8 7 8 9 8 10 8 11 8 12 9 1 9 2 9 3 9 5 9 6 9 7 9 8 9 10 9 11 9 12 9 13 10 1 10 2 10 3 10 4 10 6 10 7 10 8 10 9 10 11 10 12 10 13 11 1 11 2 11 3 11 4 11 5 11 7 11 8 11 9 11 10 11 12 11 13 12 1 12 2 12 3 12 4 12 5 12 6 12 8 12 9 12 10 12 11 12 13 13 1 13 2 13 3 13 4 13 5 13 6 13 7 13 9 13 10 13 11 13 12
V
2 3 9
142 1 2 1 3 1 4 1 5 1 6 1 8 1 9 1 10 1 11 1 12 1 13 2 1 2 3 2 4 2 5 2 6 2 7 2 9 2 10 2 11 2 12 2 13 3 1 3 2 3 4 3 5 3 6 3 7 3 8 3 10 3 11 3 12 3 13 4 1 4 2 4 3 4 5 4 6 4 7 4 8 4 9 4 11 4 12 4 13 5 1 5 2 5 3 5 4 5 6 5 7 5 8 5 9 5 10 5 12 5 13 6 1 6 2 6 3 6 4 6 5 6 7 6 8 6 9 6 10 6 11 6 13 7 2 7 3 7 4 7 5 7 6 7 8 7 9 7 10 7 11 7 12 8 1 8 3 8 4 8 5 8 6 8 7 8 9 8 10 8 11 8 12 8 13 9 1 9 2 9 4 9 5 9 6 9 7 9 8 9 10 9 11 9 12 9 13 10 1 10 2 10 3 10 5 10 6 10 7 10 8 10 9 10 11 10 12 10 13 11 1 11 2 11 3 11 4 11 6 11 7 11 8 11 9 11 10 11 12 11 13 12 1 12 2 12 3 12 4 12 5 12 7 12 8 12 9 12 10 12 11 12 13 13 1 13 2 13 3 13 4 13 5 13 6 13 8 13 9 13 10 13 11 13 12
V
2 3 10
144 1 2 1 3 1 4 1 5 1 6 1 7 1 9 1 10 1 11 1 12 1 13 2 1 2 3 2 4 2 5 2 6 2 7 2 8 2 10 2 11 2 12 2 13 3 1 3 2 3 4 3 5 3 6 3 7 3 8 3 9 3 11 3 12 3 13 4 1 4 2 4 3 4 5 4 6 4 7 4 8 4 9 4 10 4 12 4 13 5 1 5 2 5 3 5 4 5 6 5 7 5 8 5 9 5 10 5 11 5 13 6 1 6 2 6 3 6 4 6 5 6 7 6 8 6 9 6 10 6 11 6 12 7 1 7 2 7 3 7 4 7 5 7 6 7 8 7 9 7 10 7 11 7 12 7 13 8 2 8 3 8 4 8 5 8 6 8 7 8 9 8 10 8 11 8 12 8 13 9 1 9 3 9 4 9 5 9 6 9 7 9 8 9 10 9 11 9 12 9 13 10 1 10 2 10 4 10 5 10 6 10 7 10 8 10 9 10 11 10 12 10 13 11 1 11 2 11 3 11 5 11 6 11 7 11 8 11 9 11 10 11 12 11 13 12 1 12 2 12 3 12 4 12 6 12 7 12 8 12 9 12 10 12 11 12 13 13 1 13 2 13 3 13 4 13 5 13 7 13 8 13 9 13 10 13 11 13 12
V
2 3 11
146 1 2 1 3 1 4 1 5 1 6 1 7 1 8 1 10 1 11 1 12 1 13 2 1 2 3 2 4 2 5 2 6 2 7 2 8 2 9 2 11 2 12 2 13 3 1 3 2 3 4 3 5 3 6 3 7 3 8 3 9 3 10 3 12 3 13 4 1 4 2 4 3 4 5 4 6 4 7 4 8 4 9 4 10 4 11 4 13 5 1 5 2 5 3 5 4 5 6 5 7 5 8 5 9 5 10 5 11 5 12 6 1 6 2 6 3 6 4 6 5 6 7 6 8 6 9 6 10 6 11 6 12 6 13 7 1 7 2 7 3 7 4 7 5 7 6 7 8 7 9 7 10 7 11 7 12 7 13 8 1 8 2 8 3 8 4 8 5 8 6 8 7 8 9 8 10 8 11 8 12 8 13 9 2 9 3 9 4 9 5 9 6 9 7 9 8 9 10 9 11 9 12 9 13 10 1 10 3 10 4 10 5 10 6 10 7 10 8 10 9 10 11 10 12 10 13 11 1 11 2 11 4 11 5 11 6 11 7 11 8 11 9 11 10 11 12 11 13 12 1 12 2 12 3 12 5 12 6 12 7 12 8 12 9 12 10 12 11 12 13 13 1 13 2 13 3 13 4 13 6 13 7 13 8 13 9 13 10 13 11 13 12
V
2 3 12
148 1 2 1 3 1 4 1 5 1 6 1 7 1 8 1 9 1 11 1 12 1 13 2 1 2 3 2 4 2 5 2 6 2 7 2 8 2 9 2 10 2 12 2 13 3 1 3 2 3 4 3 5 3 6 3 7 3 8 3 9 3 10 3 11 3 13 4 1 4 2 4 3 4 5 4 6 4 7 4 8 4 9 4 10 4 11 4 12 5 1 5 2 5 3 5 4 5 6 5 7 5 8 5 9 5 10 5 11 5 12 5 13 6 1 6 2 6 3 6 4 6 5 6 7 6 8 6 9 6 10 6 11 6 12 6 13 7 1 7 2 7 3 7 4 7 5 7 6 7 8 7 9 7 10 7 11 7 12 7 13 8 1 8 2 8 3 8 4 8 5 8 6 8 7 8 9 8 10 8 11 8 12 8 13 9 1 9 2 9 3 9 4 9 5 9 6 9 7 9 8 9 10 9 11 9 12 9 13 10 2 10 3 10 4 10 5 10 6 10 7 10 8 10 9 10 11 10 12 10 13 11 1 11 3 11 4 11 5 11 6 11 7 11 8 11 9 11 10 11 12 11 13 12 1 12 2 12 4 12 5 12 6 12 7 12 8 12 9 12 10 12 11 12 13 13 1 13 2 13 3 13 5 13 6 13 7 13 8 13 9 13 10 13 11 13 12
V
2 3 13
150 1 2 1 3 1 4 1 5 1 6 1 7 1 8 1 9 1 10 1 12 1 13 2 1 2 3 2 4 2 5 2 6 2 7 2 8 2 9 2 10 2 11 2 13 3 1 3 2 3 4 3 5 3 6 3 7 3 8 3 9 3 10 3 11 3 12 4 1 4 2 4 3 4 5 4 6 4 7 4 8 4 9 4 10 4 11 4 12 4 13 5 1 5 2 5 3 5 4 5 6 5 7 5 8 5 9 5 10 5 11 5 12 5 13 6 1 6 2 6 3 6 4 6 5 6 7 6 8 6 9 6 10 6 11 6 12 6 13 7 1 7 2 7 3 7 4 7 5 7 6 7 8 7 9 7 10 7 11 7 12 7 13 8 1 8 2 8 3 8 4 8 5 8 6 8 7 8 9 8 10 8 11 8 12 8 13 9 1 9 2 9 3 9 4 9 5 9 6 9 7 9 8 9 10 9 11 9 12 9 13 10 1 10 2 10 3 10 4 10 5 10 6 10 7 10 8 10 9 10 11 10 12 10 13 11 2 11 3 11 4 11 5 11 6 11 7 11 8 11 9 11 10 11 12 11 13 12 1 12 3 12 4 12 5 12 6 12 7 12 8 12 9 12 10 12 11 12 13 13 1 13 2 13 4 13 5 13 6 13 7 13 8 13 9 13 10 13 11 13 12
V
2 4 5
132 1 3 1 4 1 5 1 6 1 7 1 8 1 9 1 10 1 11 1 12 1 13 2 4 2 5 2 6 2 7 2 8 2 9 2 10 2 11 2 12 2 13 3 1 3 5 3 6 3 7 3 8 3 9 3 10 3 11 3 12 3 13 4 1 4 2 4 6 4 7 4 8 4 9 4 10 4 11 4 12 4 13 5 1 5 2 5 3 5 7 5 8 5 9 5 10 5 11 5 12 5 13 6 1 6 2 6 3 6 4 6 8 6 9 6 10 6 11 6 12 6 13 7 1 7 2 7 3 7 4 7 5 7 9 7 10 7 11 7 12 7 13 8 1 8 2 8 3 8 4 8 5 8 6 8 10 8 11 8 12 8 13 9 1 9 2 9 3 9 4 9 5 9 6 9 7 9 11 9 12 9 13 10 1 10 2 10 3 10 4 10 5 10 6 10 7 10 8 10 12 10 13 11 1 11 2 11 3 11 4 11 5 11 6 11 7 11 8 11 9 11 13 12 1 12 2 12 3 12 4 12 5 12 6 12 7 12 8 12 9 12 10 13 1 13 2 13 3 13 4 13 5 13 6 13 7 13 8 13 9 13 10 13 11
V
2 4 6
134 1 2 1 4 1 5 1 6 1 7 1 8 1 9 1 10 1 11 1 12 1 13 2 1 2 3 2 5 2 6 2 7 2 8 2 9 2 10 2 11 2 12 2 13 3 2 3 4 3 6 3 7 3 8 3 9 3 10 3 11 3 12 3 13 4 1 4 3 4 5 4 7 4 8 4 9 4 10 4 11 4 12 4 13 5 1 5 2 5 4 5 6 5 8 5 9 5 10 5 11 5 12 5 13 6 1 6 2 6 3 6 5 6 7 6 9 6 10 6 11 6 12 6 13 7 1 7 2 7 3 7 4 7 6 7 8 7 10 7 11 7 12 7 13 8 1 8 2 8 3 8 4 8 5 8 7 8 9 8 11 8 12 8 13 9 1 9 2 9 3 9 4 9 5 9 6 9 8 9 10 9 12 9 13 10 1 10 2 10 3 10 4 10 5 10 6 10 7 10 9 10 11 10 13 11 1 11 2 11 3 11 4 11 5 11 6 11 7 11 8 11 10 11 12 12 1 12 2 12 3 12 4 12 5 12 6 12 7 12 8 12 9 12 11 12 13 13 1 13 2 13 3 13 4 13 5 13 6 13 7 13 8 13 9 13 10 13 12
V
2 4 7
136 1 2 1 3 1 5 1 6 1 7 1 8 1 9 1 10 1 11 1 12 1 13 2 1 2 3 2 4 2 6 2 7 2 8 2 9 2 10 2 11 2 12 2 13 3 1 3 2 3 4 3 5 3 7 3 8 3 9 3 10 3 11 3 12 3 13 4 2 4 3 4 5 4 6 4 8 4 9 4 10 4 11 4 12 4 13 5 1 5 3 5 4 5 6 5 7 5 9 5 10 5 11 5 12 5 13 6 1 6 2 6 4 6 5 6 7 6 8 6 10 6 11 6 12 6 13 7 1 7 2 7 3 7 5 7 6 7 8 7 9 7 11 7 12 7 13 8 1 8 2 8 3 8 4 8 6 8 7 8 9 8 10 8 12 8 13 9 1 9 2 9 3 9 4 9 5 9 7 9 8 9 10 9 11 9 13 10 1 10 2 10 3 10 4 10 5 10 6 10 8 10 9 10 11 10 12 11 1 11 2 11 3 11 4 11 5 11 6 11 7 11 9 11 10 11 12 11 13 12 1 12 2 12 3 12 4 12 5 12 6 12 7 12 8 12 10 12 11 12 13 13 1 13 2 13 3 13 4 13 5 13 6 13 7 13 8 13 9 13 11 13 12
V
2 4 8
138 1 2 1 3 1 4 1 6 1 7 1 8 1 9 1 10 1 11 1 12 1 13 2 1 2 3 2 4 2 5 2 7 2 8 2 9 2 10 2 11 2 12 2 13 3 1 3 2 3 4 3 5 3 6 3 8 3 9 3 10 3 11 3 12 3 13 4 1 4 2 4 3 4 5 4 6 4 7 4 9 4 10 4 11 4 12 4 13 5 2 5 3 5 4 5 6 5 7 5 8 5 10 5 11 5 12 5 13 6 1 6 3 6 4 6 5 6 7 6 8 6 9 6 11 6 12 6 13 7 1 7 2 7 4 7 5 7 6 7 8 7 9 7 10 7 12 7 13 8 1 8 2 8 3 8 5 8 6 8 7 8 9 8 10 8 11 8 13 9 1 9 2 9 3 9 4 9 6 9 7 9 8 9 10 9 11 9 12 10 1 10 2 10 3 10 4 10 5 10 7 10 8 10 9 10 11 10 12 10 13 11 1 11 2 11 3 11 4 11 5 11 6 11 8 11 9 11 10 11 12 11 13 12 1 12 2 12 3 12 4 12 5 12 6 12 7 12 9 12 10 12 11 12 13 13 1 13 2 13 3 13 4 13 5 13 6 13 7 13 8 13 10 13 11 13 12
V
2 4 9
140 1 2 1 3 1 4 1 5 1 7 1 8 1 9 1 10 1 11 1 12 1 13 2 1 2 3 2 4 2 5 2 6 2 8 2 9 2 10 2 11 2 12 2 13 3 1 3 2 3 4 3 5 3 6 3 7 3 9 3 10 3 11 3 12 3 13 4 1 4 2 4 3 4 5 4 6 4 7 4 8 4 10 4 11 4 12 4 13 5 1 5 2 5 3 5 4 5 6 5 7 5 8 5 9 5 11 5 12 5 13 6 2 6 3 6 4 6 5 6 7 6 8 6 9 6 10 6 12 6 13 7 1 7 3 7 4 7 5 7 6 7 8 7 9 7 10 7 11 7 13 8 1 8 2 8 4 8 5 8 6 8 7 8 9 8 10 8 11 8 12 9 1 9 2 9 3 9 5 9 6 9 7 9 8 9 10 9 11 9 12 9 13 10 1 10 2 10 3 10 4 10 6 10 7 10 8 10 9 10 11 10 12 10 13 11 1 11 2 11 3 11 4 11 5 11 7 11 8 11 9 11 10 11 12 11 13 12 1 12 2 12 3 12 4 12 5 12 6 12 8 12 9 12 10 12 11 12 13 13 1 13 2 13 3 13 4 13 5 13 6 13 7 13 9 13 10 13 11 13 12
V
2 4 10
142 1 2 1 3 1 4 1 5 1 6 1 8 1 9 1 10 1 11 1 12 1 13 2 1 2 3 2 4 2 5 2 6 2 7 2 9 2 10 2 11 2 12 2 13 3 1 3 2 3 4 3 5 3 6 3 7 3 8 3 10 3 11 3 12 3 13 4 1 4 2 4 3 4 5 4 6 4 7 4 8 4 9 4 11 4 12 4 13 5 1 5 2 5 3 5 4 5 6 5 7 5 8 5 9 5 10 5 12 5 13 6 1 6 2 6 3 6 4 6 5 6 7 6 8 6 9 6 10 6 11 6 13 7 2 7 3 7 4 7 5 7 6 7 8 7 9 7 10 7 11 7 12 8 1 8 3 8 4 8 5 8 6 8 7 8 9 8 10 8 11 8 12 8 13 9 1 9 2 9 4 9 5 9 6 9 7 9 8 9 10 9 11 9 12 9 13 10 1 10 2 10 3 10 5 10 6 10 7 10 8 10 9 10 11 10 12 10 13 11 1 11 2 11 3 11 4 11 6 11 7 11 8 11 9 11 10 11 12 11 13 12 1 12 2 12 3 12 4 12 5 12 7 12 8 12 9 12 10 12 11 12 13 13 1 13 2 13 3 13 4 13 5 13 6 13 8 13 9 13 10 13 11 13 12
V
2 4 11
144 1 2 1 3 1 4 1 5 1 6 1 7 1 9 1 10 1 11 1 12 1 13 2 1 2 3 2 4 2 5 2 6 2 7 2 8 2 10 2 11 2 12 2 13 3 1 3 2 3 4 3 5 3 6 3 7 3 8 3 9 3 11 3 12 3 13 4 1 4 2 4 3 4 5 4 6 4 7 4 8 4 9 4 10 4 12 4 13 5 1 5 2 5 3 5 4 5 6 5 7 5 8 5 9 5 10 5 11 5 13 6 1 6 2 6 3 6 4 6 5 6 7 6 8 6 9 6 10 6 11 6 12 7 1 7 2 7 3 7 4 7 5 7 6 7 8 7 9 7 10 7 11 7 12 7 13 8 2 8 3 8 4 8 5 8 6 8 7 8 9 8 10 8 11 8 12 8 13 9 1 9 3 9 4 9 5 9 6 9 7 9 8 9 10 9 11 9 12 9 13 10 1 10 2 10 4 10 5 10 6 10 7 10 8 10 9 10 11 10 12 10 13 11 1 11 2 11 3 11 5 11 6 11 7 11 8 11 9 11 10 11 12 11 13 12 1 12 2 12 3 12 4 12 6 12 7 12 8 12 9 12 10 12 11 12 13 13 1 13 2 13 3 13 4 13 5 13 7 13 8 13 9 13 10 13 11 13 12
V
2 4 12
146 1 2 1 3 1 4 1 5 1 6 1 7 1 8 1 10 1 11 1 12 1 13 2 1 2 3 2 4 2 5 2 6 2 7 2 8 2 9 2 11 2 12 2 13 3 1 3 2 3 4 3 5 3 6 3 7 3 8 3 9 3 10 3 12 3 13 4 1 4 2 4 3 4 5 4 6 4 7 4 8 4 9 4 10 4 11 4 13 5 1 5 2 5 3 5 4 5 6 5 7 5 8 5 9 5 10 5 11 5 12 6 1 6 2 6 3 6 4 6 5 6 7 6 8 6 9 6 10 6 11 6 12 6 13 7 1 7 2 7 3 7 4 7 5 7 6 7 8 7 9 7 10 7 11 7 12 7 13 8 1 8 2 8 3 8 4 8 5 8 6 8 7 8 9 8 10 8 11 8 12 8 13 9 2 9 3 9 4 9 5 9 6 9 7 9 8 9 10 9 11 9 12 9 13 10 1 10 3 10 4 10 5 10 6 10 7 10 8 10 9 10 11 10 12 10 13 11 1 11 2 11 4 11 5 11 6 11 7 11 8 11 9 11 10 11 12 11 13 12 1 12 2 12 3 12 5 12 6 12 7 12 8 12 9 12 10 12 11 12 13 13 1 13 2 13 3 13 4 13 6 13 7 13 8 13 9 13 10 13 11 13 12
V
2 4 13
148 1 2 1 3 1 4 1 5 1 6 1 7 1 8 1 9 1 11 1 12 1 13 2 1 2 3 2 4 2 5 2 6 2 7 2 8 2 9 2 10 2 12 2 13 3 1 3 2 3 4 3 5 3 6 3 7 3 8 3 9 3 10 3 11 3 13 4 1 4 2 4 3 4 5 4 6 4 7 4 8 4 9 4 10 4 11 4 12 5 1 5 2 5 3 5 4 5 6 5 7 5 8 5 9 5 10 5 11 5 12 5 13 6 1 6 2 6 3 6 4 6 5 6 7 6 8 6 9 6 10 6 11 6 12 6 13 7 1 7 2 7 3 7 4 7 5 7 6 7 8 7 9 7 10 7 11 7 12 7 13 8 1 8 2 8 3 8 4 8 5 8 6 8 7 8 9 8 10 8 11 8 12 8 13 9 1 9 2 9 3 9 4 9 5 9 6 9 7 9 8 9 10 9 11 9 12 9 13 10 2 10 3 10 4 10 5 10 6 10 7 10 8 10 9 10 11 10 12 10 13 11 1 11 3 11 4 11 5 11 6 11 7 11 8 11 9 11 10 11 12 11 13 12 1 12 2 12 4 12 5 12 6 12 7 12 8 12 9 12 10 12 11 12 13 13 1 13 2 13 3 13 5 13 6 13 7 13 8 13 9 13 10 13 11 13 12
V
2 5 6
132 1 3 1 4 1 5 1 6 1 7 1 8 1 9 1 10 1 11 1 12 1 13 2 4 2 5 2 6 2 7 2 8 2 9 2 10 2 11 2 12 2 13 3 1 3 5 3 6 3 7 3 8 3 9 3 10 3 11 3 12 3 13 4 1 4 2 4 6 4 7 4 8 4 9 4 10 4 11 4 12 4 13 5 1 5 2 5 3 5 7 5 8 5 9 5 10 5 11 5 12 5 13 6 1 6 2 6 3 6 4 6 8 6 9 6 10 6 11 6 12 6 13 7 1 7 2 7 3 7 4 7 5 7 9 7 10 7 11 7 12 7 13 8 1 8 2 8 3 8 4 8 5 8 6 8 10 8 11 8 12 8 13 9 1 9 2 9 3 9 4 9 5 9 6 9 7 9 11 9 12 9 13 10 1 10 2 10 3 10 4 10 5 10 6 10 7 10 8 10 12 10 13 11 1 11 2 11 3 11 4 11 5 11 6 11 7 11 8 11 9 11 13 12 1 12 2 12 3 12 4 12 5 12 6 12 7 12 8 12 9 12 10 13 1 13 2 13 3 13 4 13 5 13 6 13 7 13 8 13 9 13 10 13 11
V
2 5 7
134 1 2 1 4 1 5 1 6 1 7 1 8 1 9 1 10 1 11 1 12 1 13 2 1 2 3 2 5 2 6 2 7 2 8 2 9 2 10 2 11 2 12 2 13 3 2 3 4 3 6 3 7 3 8 3 9 3 10 3 11 3 12 3 13 4 1 4 3 4 5 4 7 4 8 4 9 4 10 4 11 4 12 4 13 5 1 5 2 5 4 5 6 5 8 5 9 5 10 5 11 5 12 5 13 6 1 6 2 6 3 6 5 6 7 6 9 6 10 6 11 6 12 6 13 7 1 7 2 7 3 7 4 7 6 7 8 7 10 7 11 7 12 7 13 8 1 8 2 8 3 8 4 8 5 8 7 8 9 8 11 8 12 8 13 9 1 9 2 9 3 9 4 9 5 9 6 9 8 9 10 9 12 9 13 10 1 10 2 10 3 10 4 10 5 10 6 10 7 10 9 10 11 10 13 11 1 11 2 11 3 11 4 11 5 11 6 11 7 11 8 11 10 11 12 12 1 12 2 12 3 12 4 12 5 12 6 12 7 12 8 12 9 12 11 12 13 13 1 13 2 13 3 13 4 13 5 13 6 13 7 13 8 13 9 13 10 13 12
V
2 5 8
136 1 2 1 3 1 5 1 6 1 7 1 8 1 9 1 10 1 11 1 12 1 13 2 1 2 3 2 4 2 6 2 7 2 8 2 9 2 10 2 11 2 12 2 13 3 1 3 2 3 4 3 5 3 7 3 8 3 9 3 10 3 11 3 12 3 13 4 2 4 3 4 5 4 6 4 8 4 9 4 10 4 11 4 12 4 13 5 1 5 3 5 4 5 6 5 7 5 9 5 10 5 11 5 12 5 13 6 1 6 2 6 4 6 5 6 7 6 8 6 10 6 11 6 12 6 13 7 1 7 2 7 3 7 5 7 6 7 8 7 9 7 11 7 12 7 13 8 1 8 2 8 3 8 4 8 6 8 7 8 9 8 10 8 12 8 13 9 1 9 2 9 3 9 4 9 5 9 7 9 8 9 10 9 11 9 13 10 1 10 2 10 3 10 4 10 5 10 6 10 8 10 9 10 11 10 12 11 1 11 2 11 3 11 4 11 5 11 6 11 7 11 9 11 10 11 12 11 13 12 1 12 2 12 3 12 4 12 5 12 6 12 7 12 8 12 10 12 11 12 13 13 1 13 2 13 3 13 4 13 5 13 6 13 7 13 8 13 9 13 11 13 12
V
2 5 9
138 1 2 1 3 1 4 1 6 1 7 1 8 1 9 1 10 1 11 1 12 1 13 2 1 2 3 2 4 2 5 2 7 2 8 2 9 2 10 2 11 2 12 2 13 3 1 3 2 3 4 3 5 3 6 3 8 3 9 3 10 3 11 3 12 3 13 4 1 4 2 4 3 4 5 4 6 4 7 4 9 4 10 4 11 4 12 4 13 5 2 5 3 5 4 5 6 5 7 5 8 5 10 5 11 5 12 5 13 6 1 6 3 6 4 6 5 6 7 6 8 6 9 6 11 6 12 6 13 7 1 7 2 7 4 7 5 7 6 7 8 7 9 7 10 7 12 7 13 8 1 8 2 8 3 8 5 8 6 8 7 8 9 8 10 8 11 8 13 9 1 9 2 9 3 9 4 9 6 9 7 9 8 9 10 9 11 9 12 10 1 10 2 10 3 10 4 10 5 10 7 10 8 10 9 10 11 10 12 10 13 11 1 11 2 11 3 11 4 11 5 11 6 11 8 11 9 11 10 11 12 11 13 12 1 12 2 12 3 12 4 12 5 12 6 12 7 12 9 12 10 12 11 12 13 13 1 13 2 13 3 13 4 13 5 13 6 13 7 13 8 13 10 13 11 13 12
V
2 5 10
140 1 2 1 3 1 4 1 5 1 7 1 8 1 9 1 10 1 11 1 12 1 13 2 1 2 3 2 4 2 5 2 6 2 8 2 9 2 10 2 11 2 12 2 13 3 1 3 2 3 4 3 5 3 6 3 7 3 9 3 10 3 11 3 12 3 13 4 1 4 2 4 3 4 5 4 6 4 7 4 8 4 10 4 11 4 12 4 13 5 1 5 2 5 3 5 4 5 6 5 7 5 8 5 9 5 11 5 12 5 13 6 2 6 3 6 4 6 5 6 7 6 8 6 9 6 10 6 12 6 13 7 1 7 3 7 4 7 5 7 6 7 8 7 9 7 10 7 11 7 13 8 1 8 2 8 4 8 5 8 6 8 7 8 9 8 10 8 11 8 12 9 1 9 2 9 3 9 5 9 6 9 7 9 8 9 10 9 11 9 12 9 13 10 1 10 2 10 3 10 4 10 6 10 7 10 8 10 9 10 11 10 12 10 13 11 1 11 2 11 3 11 4 11 5 11 7 11 8 11 9 11 10 11 12 11 13 12 1 12 2 12 3 12 4 12 5 12 6 12 8 12 9 12 10 12 11 12 13 13 1 13 2 13 3 13 4 13 5 13 6 13 7 13 9 13 10 13 11 13 12
V
2 5 11
142 1 2 1 3 1 4 1 5 1 6 1 8 1 9 1 10 1 11 1 12 1 13 2 1 2 3 2 4 2 5 2 6 2 7 2 9 2 10 2 11 2 12 2 13 3 1 3 2 3 4 3 5 3 6 3 7 3 8 3 10 3 11 3 12 3 13 4 1 4 2 4 3 4 5 4 6 4 7 4 8 4 9 4 11 4 12 4 13 5 1 5 2 5 3 5 4 5 6 5 7 5 8 5 9 5 10 5 12 5 13 6 1 6 2 6 3 6 4 6 5 6 7 6 8 6 9 6 10 6 11 6 13 7 2 7 3 7 4 7 5 7 6 7 8 7 9 7 10 7 11 7 12 8 1 8 3 8 4 8 5 8 6 8 7 8 9 8 10 8 11 8 12 8 13 9 1 9 2 9 4 9 5 9 6 9 7 9 8 9 10 9 11 9 12 9 13 10 1 10 2 10 3 10 5 10 6 10 7 10 8 10 9 10 11 10 12 10 13 11 1 11 2 11 3 11 4 11 6 11 7 11 8 11 9 11 10 11 12 11 13 12 1 12 2 12 3 12 4 12 5 12 7 12 8 12 9 12 10 12 11 12 13 13 1 13 2 13 3 13 4 13 5 13 6 13 8 13 9 13 10 13 11 13 12
V
2 5 12
144 1 2 1 3 1 4 1 5 1 6 1 7 1 9 1 10 1 11 1 12 1 13 2 1 2 3 2 4 2 5 2 6 2 7 2 8 2 10 2 11 2 12 2 13 3 1 3 2 3 4 3 5 3 6 3 7 3 8 3 9 3 11 3 12 3 13 4 1 4 2 4 3 4 5 4 6 4 7 4 8 4 9 4 10 4 12 4 13 5 1 5 2 5 3 5 4 5 6 5 7 5 8 5 9 5 10 5 11 5 13 6 1 6 2 6 3 6 4 6 5 6 7 6 8 6 9 6 10 6 11 6 12 7 1 7 2 7 3 7 4 7 5 7 6 7 8 7 9 7 10 7 11 7 12 7 13 8 2 8 3 8 4 8 5 8 6 8 7 8 9 8 10 8 11 8 12 8 13 9 1 9 3 9 4 9 5 9 6 9 7 9 8 9 10 9 11 9 12 9 13 10 1 10 2 10 4 10 5 10 6 10 7 10 8 10 9 10 11 10 12 10 13 11 1 11 2 11 3 11 5 11 6 11 7 11 8 11 9 11 10 11 12 11 13 12 1 12 2 12 3 12 4 12 6 12 7 12 8 12 9 12 10 12 11 12 13 13 1 13 2 13 3 13 4 13 5 13 7 13 8 13 9 13 10 13 11 13 12
V
2 5 13
146 1 2 1 3 1 4 1 5 1 6 1 7 1 8 1 10 1 11 1 12 1 13 2 1 2 3 2 4 2 5 2 6 2 7 2 8 2 9 2 11 2 12 2 13 3 1 3 2 3 4 3 5 3 6 3 7 3 8 3 9 3 10 3 12 3 13 4 1 4 2 4 3 4 5 4 6 4 7 4 8 4 9 4 10 4 11 4 13 5 1 5 2 5 3 5 4 5 6 5 7 5 8 5 9 5 10 5 11 5 12 6 1 6 2 6 3 6 4 6 5 6 7 6 8 6 9 6 10 6 11 6 12 6 13 7 1 7 2 7 3 7 4 7 5 7 6 7 8 7 9 7 10 7 11 7 12 7 13 8 1 8 2 8 3 8 4 8 5 8 6 8 7 8 9 8 10 8 11 8 12 8 13 9 2 9 3 9 4 9 5 9 6 9 7 9 8 9 10 9 11 9 12 9 13 10 1 10 3 10 4 10 5 10 6 10 7 10 8 10 9 10 11 10 12 10 13 11 1 11 2 11 4 11 5 11 6 11 7 11 8 11 9 11 10 11 12 11 13 12 1 12 2 12 3 12 5 12 6 12 7 12 8 12 9 12 10 12 11 12 13 13 1 13 2 13 3 13 4 13 6 13 7 13 8 13 9 13 10 13 11 13 12
V
2 6 7
132 1 3 1 4 1 5 1 6 1 7 1 8 1 9 1 10 1 11 1 12 1 13 2 4 2 5 2 6 2 7 2 8 2 9 2 10 2 11 2 12 2 13 3 1 3 5 3 6 3 7 3 8 3 9 3 10 3 11 3 12 3 13 4 1 4 2 4 6 4 7 4 8 4 9 4 10 4 11 4 12 4 13 5 1 5 2 5 3 5 7 5 8 5 9 5 10 5 11 5 12 5 13 6 1 6 2 6 3 6 4 6 8 6 9 6 10 6 11 6 12 6 13 7 1 7 2 7 3 7 4 7 5 7 9 7 10 7 11 7 12 7 13 8 1 8 2 8 3 8 4 8 5 8 6 8 10 8 11 8 12 8 13 9 1 9 2 9 3 9 4 9 5 9 6 9 7 9 11 9 12 9 13 10 1 10 2 10 3 10 4 10 5 10 6 10 7 10 8 10 12 10 13 11 1 11 2 11 3 11 4 11 5 11 6 11 7 11 8 11 9 11 13 12 1 12 2 12 3 12 4 12 5 12 6 12 7 12 8 12 9 12 10 13 1 13 2 13 3 13 4 13 5 13 6 13 7 13 8 13 9 13 10 13 11
V
2 6 8
134 1 2 1 4 1 5 1 6 1 7 1 8 1 9 1 10 1 11 1 12 1 13 2 1 2 3 2 5 2 6 2 7 2 8 2 9 2 10 2 11 2 12 2 13 3 2 3 4 3 6 3 7 3 8 3 9 3 10 3 11 3 12 3 13 4 1 4 3 4 5 4 7 4 8 4 9 4 10 4 11 4 12 4 13 5 1 5 2 5 4 5 6 5 8 5 9 5 10 5 11 5 12 5 13 6 1 6 2 6 3 6 5 6 7 6 9 6 10 6 11 6 12 6 13 7 1 7 2 7 3 7 4 7 6 7 8 7 10 7 11 7 12 7 13 8 1 8 2 8 3 8 4 8 5 8 7 8 9 8 11 8 12 8 13 9 1 9 2 9 3 9 4 9 5 9 6 9 8 9 10 9 12 9 13 10 1 10 2 10 3 10 4 10 5 10 6 10 7 10 9 10 11 10 13 11 1 11 2 11 3 11 4 11 5 11 6 11 7 11 8 11 10 11 12 12 1 12 2 12 3 12 4 12 5 12 6 12 7 12 8 12 9 12 11 12 13 13 1 13 2 13 3 13 4 13 5 13 6 13 7 13 8 13 9 13 10 13 12
V
2 6 9
136 1 2 1 3 1 5 1 6 1 7 1 8 1 9 1 10 1 11 1 12 1 13 2 1 2 3 2 4 2 6 2 7 2 8 2 9 2 10 2 11 2 12 2 13 3 1 3 2 3 4 3 5 3 7 3 8 3 9 3 10 3 11 3 12 3 13 4 2 4 3 4 5 4 6 4 8 4 9 4 10 4 11 4 12 4 13 5 1 5 3 5 4 5 6 5 7 5 9 5 10 5 11 5 12 5 13 6 1 6 2 6 4 6 5 6 7 6 8 6 10 6 11 6 12 6 13 7 1 7 2 7 3 7 5 7 6 7 8 7 9 7 11 7 12 7 13 8 1 8 2 8 3 8 4 8 6 8 7 8 9 8 10 8 12 8 13 9 1 9 2 9 3 9 4 9 5 9 7 9 8 9 10 9 11 9 13 10 1 10 2 10 3 10 4 10 5 10 6 10 8 10 9 10 11 10 12 11 1 11 2 11 3 11 4 11 5 11 6 11 7 11 9 11 10 11 12 11 13 12 1 12 2 12 3 12 4 12 5 12 6 12 7 12 8 12 10 12 11 12 13 13 1 13 2 13 3 13 4 13 5 13 6 13 7 13 8 13 9 13 11 13 12
V
2 6 10
138 1 2 1 3 1 4 1 6 1 7 1 8 1 9 1 10 1 11 1 12 1 13 2 1 2 3 2 4 2 5 2 7 2 8 2 9 2 10 2 11 2 12 2 13 3 1 3 2 3 4 3 5 3 6 3 8 3 9 3 10 3 11 3 12 3 13 4 1 4 2 4 3 4 5 4 6 4 7 4 9 4 10 4 11 4 12 4 13 5 2 5 3 5 4 5 6 5 7 5 8 5 10 5 11 5 12 5 13 6 1 6 3 6 4 6 5 6 7 6 8 6 9 6 11 6 12 6 13 7 1 7 2 7 4 7 5 7 6 7 8 7 9 7 10 7 12 7 13 8 1 8 2 8 3 8 5 8 6 8 7 8 9 8 10 8 11 8 13 9 1 9 2 9 3 9 4 9 6 9 7 9 8 9 10 9 11 9 12 10 1 10 2 10 3 10 4 10 5 10 7 10 8 10 9 10 11 10 12 10 13 11 1 11 2 11 3 11 4 11 5 11 6 11 8 11 9 11 10 11 12 11 13 12 1 12 2 12 3 12 4 12 5 12 6 12 7 12 9 12 10 12 11 12 13 13 1 13 2 13 3 13 4 13 5 13 6 13 7 13 8 13 10 13 11 13 12
V
2 6 11
140 1 2 1 3 1 4 1 5 1 7 1 8 1 9 1 10 1 11 1 12 1 13 2 1 2 3 2 4 2 5 2 6 2 8 2 9 2 10 2 11 2 12 2 13 3 1 3 2 3 4 3 5 3 6 3 7 3 9 3 10 3 11 3 12 3 13 4 1 4 2 4 3 4 5 4 6 4 7 4 8 4 10 4 11 4 12 4 13 5 1 5 2 5 3 5 4 5 6 5 7 5 8 5 9 5 11 5 12 5 13 6 2 6 3 6 4 6 5 6 7 6 8 6 9 6 10 6 12 6 13 7 1 7 3 7 4 7 5 7 6 7 8 7 9 7 10 7 11 7 13 8 1 8 2 8 4 8 5 8 6 8 7 8 9 8 10 8 11 8 12 9 1 9 2 9 3 9 5 9 6 9 7 9 8 9 10 9 11 9 12 9 13 10 1 10 2 10 3 10 4 10 6 10 7 10 8 10 9 10 11 10 12 10 13 11 1 11 2 11 3 11 4 11 5 11 7 11 8 11 9 11 10 11 12 11 13 12 1 12 2 12 3 12 4 12 5 12 6 12 8 12 9 12 10 12 11 12 13 13 1 13 2 13 3 13 4 13 5 13 6 13 7 13 9 13 10 13 11 13 12
V
2 6 12
142 1 2 1 3 1 4 1 5 1 6 1 8 1 9 1 10 1 11 1 12 1 13 2 1 2 3 2 4 2 5 2 6 2 7 2 9 2 10 2 11 2 12 2 13 3 1 3 2 3 4 3 5 3 6 3 7 3 8 3 10 3 11 3 12 3 13 4 1 4 2 4 3 4 5 4 6 4 7 4 8 4 9 4 11 4 12 4 13 5 1 5 2 5 3 5 4 5 6 5 7 5 8 5 9 5 10 5 12 5 13 6 1 6 2 6 3 6 4 6 5 6 7 6 8 6 9 6 10 6 11 6 13 7 2 7 3 7 4 7 5 7 6 7 8 7 9 7 10 7 11 7 12 8 1 8 3 8 4 8 5 8 6 8 7 8 9 8 10 8 11 8 12 8 13 9 1 9 2 9 4 9 5 9 6 9 7 9 8 9 10 9 11 9 12 9 13 10 1 10 2 10 3 10 5 10 6 10 7 10 8 10 9 10 11 10 12 10 13 11 1 11 2 11 3 11 4 11 6 11 7 11 8 11 9 11 10 11 12 11 13 12 1 12 2 12 3 12 4 12 5 12 7 12 8 12 9 12 10 12 11 12 13 13 1 13 2 13 3 13 4 13 5 13 6 13 8 13 9 13 10 13 11 13 12
V
2 6 13
144 1 2 1 3 1 4 1 5 1 6 1 7 1 9 1 10 1 11 1 12 1 13 2 1 2 3 2 4 2 5 2 6 2 7 2 8 2 10 2 11 2 12 2 13 3 1 3 2 3 4 3 5 3 6 3 7 3 8 3 9 3 11 3 12 3 13 4 1 4 2 4 3 4 5 4 6 4 7 4 8 4 9 4 10 4 12 4 13 5 1 5 2 5 3 5 4 5 6 5 7 5 8 5 9 5 10 5 11 5 13 6 1 6 2 6 3 6 4 6 5 6 7 6 8 6 9 6 10 6 11 6 12 7 1 7 2 7 3 7 4 7 5 7 6 7 8 7 9 7 10 7 11 7 12 7 13 8 2 8 3 8 4 8 5 8 6 8 7 8 9 8 10 8 11 8 12 8 13 9 1 9 3 9 4 9 5 9 6 9 7 9 8 9 10 9 11 9 12 9 13 10 1 10 2 10 4 10 5 10 6 10 7 10 8 10 9 10 11 10 12 10 13 11 1 11 2 11 3 11 5 11 6 11 7 11 8 11 9 11 10 11 12 11 13 12 1 12 2 12 3 12 4 12 6 12 7 12 8 12 9 12 10 12 11 12 13 13 1 13 2 13 3 13 4 13 5 13 7 13 8 13 9 13 10 13 11 13 12
V
2 7 8
132 1 3 1 4 1 5 1 6 1 7 1 8 1 9 1 10 1 11 1 12 1 13 2 4 2 5 2 6 2 7 2 8 2 9 2 10 2 11 2 12 2 13 3 1 3 5 3 6 3 7 3 8 3 9 3 10 3 11 3 12 3 13 4 1 4 2 4 6 4 7 4 8 4 9 4 10 4 11 4 12 4 13 5 1 5 2 5 3 5 7 5 8 5 9 5 10 5 11 5 12 5 13 6 1 6 2 6 3 6 4 6 8 6 9 6 10 6 11 6 12 6 13 7 1 7 2 7 3 7 4 7 5 7 9 7 10 7 11 7 12 7 13 8 1 8 2 8 3 8 4 8 5 8 6 8 10 8 11 8 12 8 13 9 1 9 2 9 3 9 4 9 5 9 6 9 7 9 11 9 12 9 13 10 1 10 2 10 3 10 4 10 5 10 6 10 7 10 8 10 12 10 13 11 1 11 2 11 3 11 4 11 5 11 6 11 7 11 8 11 9 11 13 12 1 12 2 12 3 12 4 12 5 12 6 12 7 12 8 12 9 12 10 13 1 13 2 13 3 13 4 13 5 13 6 13 7 13 8 13 9 13 10 13 11
V
2 7 9
134 1 2 1 4 1 5 1 6 1 7 1 8 1 9 1 10 1 11 1 12 1 13 2 1 2 3 2 5 2 6 2 7 2 8 2 9 2 10 2 11 2 12 2 13 3 2 3 4 3 6 3 7 3 8 3 9 3 10 3 11 3 12 3 13 4 1 4 3 4 5 4 7 4 8 4 9 4 10 4 11 4 12 4 13 5 1 5 2 5 4 5 6 5 8 5 9 5 10 5 11 5 12 5 13 6 1 6 2 6 3 6 5 6 7 6 9 6 10 6 11 6 12 6 13 7 1 7 2 7 3 7 4 7 6 7 8 7 10 7 11 7 12 7 13 8 1 8 2 8 3 8 4 8 5 8 7 8 9 8 11 8 12 8 13 9 1 9 2 9 3 9 4 9 5 9 6 9 8 9 10 9 12 9 13 10 1 10 2 10 3 10 4 10 5 10 6 10 7 10 9 10 11 10 13 11 1 11 2 11 3 11 4 11 5 11 6 11 7 11 8 11 10 11 12 12 1 12 2 12 3 12 4 12 5 12 6 12 7 12 8 12 9 12 11 12 13 13 1 13 2 13 3 13 4 13 5 13 6 13 7 13 8 13 9 13 10 13 12
V
2 7 10
136 1 2 1 3 1 5 1 6 1 7 1 8 1 9 1 10 1 11 1 12 1 13 2 1 2 3 2 4 2 6 2 7 2 8 2 9 2 10 2 11 2 12 2 13 3 1 3 2 3 4 3 5 3 7 3 8 3 9 3 10 3 11 3 12 3 13 4 2 4 3 4 5 4 6 4 8 4 9 4 10 4 11 4 12 4 13 5 1 5 3 5 4 5 6 5 7 5 9 5 10 5 11 5 12 5 13 6 1 6 2 6 4 6 5 6 7 6 8 6 10 6 11 6 12 6 13 7 1 7 2 7 3 7 5 7 6 7 8 7 9 7 11 7 12 7 13 8 1 8 2 8 3 8 4 8 6 8 7 8 9 8 10 8 12 8 13 9 1 9 2 9 3 9 4 9 5 9 7 9 8 9 10 9 11 9 13 10 1 10 2 10 3 10 4 10 5 10 6 10 8 10 9 10 11 10 12 11 1 11 2 11 3 11 4 11 5 11 6 11 7 11 9 11 10 11 12 11 13 12 1 12 2 12 3 12 4 12 5 12 6 12 7 12 8 12 10 12 11 12 13 13 1 13 2 13 3 13 4 13 5 13 6 13 7 13 8 13 9 13 11 13 12
V
2 7 11
138 1 2 1 3 1 4 1 6 1 7 1 8 1 9 1 10 1 11 1 12 1 13 2 1 2 3 2 4 2 5 2 7 2 8 2 9 2 10 2 11 2 12 2 13 3 1 3 2 3 4 3 5 3 6 3 8 3 9 3 10 3 11 3 12 3 13 4 1 4 2 4 3 4 5 4 6 4 7 4 9 4 10 4 11 4 12 4 13 5 2 5 3 5 4 5 6 5 7 5 8 5 10 5 11 5 12 5 13 6 1 6 3 6 4 6 5 6 7 6 8 6 9 6 11 6 12 6 13 7 1 7 2 7 4 7 5 7 6 7 8 7 9 7 10 7 12 7 13 8 1 8 2 8 3 8 5 8 6 8 7 8 9 8 10 8 11 8 13 9 1 9 2 9 3 9 4 9 6 9 7 9 8 9 10 9 11 9 12 10 1 10 2 10 3 10 4 10 5 10 7 10 8 10 9 10 11 10 12 10 13 11 1 11 2 11 3 11 4 11 5 11 6 11 8 11 9 11 10 11 12 11 13 12 1 12 2 12 3 12 4 12 5 12 6 12 7 12 9 12 10 12 11 12 13 13 1 13 2 13 3 13 4 13 5 13 6 13 7 13 8 13 10 13 11 13 12
V
2 7 12
140 1 2 1 3 1 4 1 5 1 7 1 8 1 9 1 10 1 11 1 12 1 13 2 1 2 3 2 4 2 5 2 6 2 8 2 9 2 10 2 11 2 12 2 13 3 1 3 2 3 4 3 5 3 6 3 7 3 9 3 10 3 11 3 12 3 13 4 1 4 2 4 3 4 5 4 6 4 7 4 8 4 10 4 11 4 12 4 13 5 1 5 2 5 3 5 4 5 6 5 7 5 8 5 9 5 11 5 12 5 13 6 2 6 3 6 4 6 5 6 7 6 8 6 9 6 10 6 12 6 13 7 1 7 3 7 4 7 5 7 6 7 8 7 9 7 10 7 11 7 13 8 1 8 2 8 4 8 5 8 6 8 7 8 9 8 10 8 11 8 12 9 1 9 2 9 3 9 5 9 6 9 7 9 8 9 10 9 11 9 12 9 13 10 1 10 2 10 3 10 4 10 6 10 7 10 8 10 9 10 11 10 12 10 13 11 1 11 2 11 3 11 4 11 5 11 7 11 8 11 9 11 10 11 12 11 13 12 1 12 2 12 3 12 4 12 5 12 6 12 8 12 9 12 10 12 11 12 13 13 1 13 2 13 3 13 4 13 5 13 6 13 7 13 9 13 10 13 11 13 12
V
2 7 13
142 1 2 1 3 1 4 1 5 1 6 1 8 1 9 1 10 1 11 1 12 1 13 2 1 2 3 2 4 2 5 2 6 2 7 2 9 2 10 2 11 2 12 2 13 3 1 3 2 3 4 3 5 3 6 3 7 3 8 3 10 3 11 3 12 3 13 4 1 4 2 4 3 4 5 4 6 4 7 4 8 4 9 4 11 4 12 4 13 5 1 5 2 5 3 5 4 5 6 5 7 5 8 5 9 5 10 5 12 5 13 6 1 6 2 6 3 6 4 6 5 6 7 6 8 6 9 6 10 6 11 6 13 7 2 7 3 7 4 7 5 7 6 7 8 7 9 7 10 7 11 7 12 8 1 8 3 8 4 8 5 8 6 8 7 8 9 8 10 8 11 8 12 8 13 9 1 9 2 9 4 9 5 9 6 9 7 9 8 9 10 9 11 9 12 9 13 10 1 10 2 10 3 10 5 10 6 10 7 10 8 10 9 10 11 10 12 10 13 11 1 11 2 11 3 11 4 11 6 11 7 11 8 11 9 11 10 11 12 11 13 12 1 12 2 12 3 12 4 12 5 12 7 12 8 12 9 12 10 12 11 12 13 13 1 13 2 13 3 13 4 13 5 13 6 13 8 13 9 13 10 13 11 13 12
V
2 8 9
132 1 3 1 4 1 5 1 6 1 7 1 8 1 9 1 10 1 11 1 12 1 13 2 4 2 5 2 6 2 7 2 8 2 9 2 10 2 11 2 12 2 13 3 1 3 5 3 6 3 7 3 8 3 9 3 10 3 11 3 12 3 13 4 1 4 2 4 6 4 7 4 8 4 9 4 10 4 11 4 12 4 13 5 1 5 2 5 3 5 7 5 8 5 9 5 10 5 11 5 12 5 13 6 1 6 2 6 3 6 4 6 8 6 9 6 10 6 11 6 12 6 13 7 1 7 2 7 3 7 4 7 5 7 9 7 10 7 11 7 12 7 13 8 1 8 2 8 3 8 4 8 5 8 6 8 10 8 11 8 12 8 13 9 1 9 2 9 3 9 4 9 5 9 6 9 7 9 11 9 12 9 13 10 1 10 2 10 3 10 4 10 5 10 6 10 7 10 8 10 12 10 13 11 1 11 2 11 3 11 4 11 5 11 6 11 7 11 8 11 9 11 13 12 1 12 2 12 3 12 4 12 5 12 6 12 7 12 8 12 9 12 10 13 1 13 2 13 3 13 4 13 5 13 6 13 7 13 8 13 9 13 10 13 11
V
2 8 10
134 1 2 1 4 1 5 1 6 1 7 1 8 1 9 1 10 1 11 1 12 1 13 2 1 2 3 2 5 2 6 2 7 2 8 2 9 2 10 2 11 2 12 2 13 3 2 3 4 3 6 3 7 3 8 3 9 3 10 3 11 3 12 3 13 4 1 4 3 4 5 4 7 4 8 4 9 4 10 4 11 4 12 4 13 5 1 5 2 5 4 5 6 5 8 5 9 5 10 5 11 5 12 5 13 6 1 6 2 6 3 6 5 6 7 6 9 6 10 6 11 6 12 6 13 7 1 7 2 7 3 7 4 7 6 7 8 7 10 7 11 7 12 7 13 8 1 8 2 8 3 8 4 8 5 8 7 8 9 8 11 8 12 8 13 9 1 9 2 9 3 9 4 9 5 9 6 9 8 9 10 9 12 9 13 10 1 10 2 10 3 10 4 10 5 10 6 10 7 10 9 10 11 10 13 11 1 11 2 11 3 11 4 11 5 11 6 11 7 11 8 11 10 11 12 12 1 12 2 12 3 12 4 12 5 12 6 12 7 12 8 12 9 12 11 12 13 13 1 13 2 13 3 13 4 13 5 13 6 13 7 13 8 13 9 13 10 13 12
V
2 8 11
136 1 2 1 3 1 5 1 6 1 7 1 8 1 9 1 10 1 11 1 12 1 13 2 1 2 3 2 4 2 6 2 7 2 8 2 9 2 10 2 11 2 12 2 13 3 1 3 2 3 4 3 5 3 7 3 8 3 9 3 10 3 11 3 12 3 13 4 2 4 3 4 5 4 6 4 8 4 9 4 10 4 11 4 12 4 13 5 1 5 3 5 4 5 6 5 7 5 9 5 10 5 11 5 12 5 13 6 1 6 2 6 4 6 5 6 7 6 8 6 10 6 11 6 12 6 13 7 1 7 2 7 3 7 5 7 6 7 8 7 9 7 11 7 12 7 13 8 1 8 2 8 3 8 4 8 6 8 7 8 9 8 10 8 12 8 13 9 1 9 2 9 3 9 4 9 5 9 7 9 8 9 10 9 11 9 13 10 1 10 2 10 3 10 4 10 5 10 6 10 8 10 9 10 11 10 12 11 1 11 2 11 3 11 4 11 5 11 6 11 7 11 9 11 10 11 12 11 13 12 1 12 2 12 3 12 4 12 5 12 6 12 7 12 8 12 10 12 11 12 13 13 1 13 2 13 3 13 4 13 5 13 6 13 7 13 8 13 9 13 11 13 12
V
2 8 12
138 1 2 1 3 1 4 1 6 1 7 1 8 1 9 1 10 1 11 1 12 1 13 2 1 2 3 2 4 2 5 2 7 2 8 2 9 2 10 2 11 2 12 2 13 3 1 3 2 3 4 3 5 3 6 3 8 3 9 3 10 3 11 3 12 3 13 4 1 4 2 4 3 4 5 4 6 4 7 4 9 4 10 4 11 4 12 4 13 5 2 5 3 5 4 5 6 5 7 5 8 5 10 5 11 5 12 5 13 6 1 6 3 6 4 6 5 6 7 6 8 6 9 6 11 6 12 6 13 7 1 7 2 7 4 7 5 7 6 7 8 7 9 7 10 7 12 7 13 8 1 8 2 8 3 8 5 8 6 8 7 8 9 8 10 8 11 8 13 9 1 9 2 9 3 9 4 9 6 9 7 9 8 9 10 9 11 9 12 10 1 10 2 10 3 10 4 10 5 10 7 10 8 10 9 10 11 10 12 10 13 11 1 11 2 11 3 11 4 11 5 11 6 11 8 11 9 11 10 11 12 11 13 12 1 12 2 12 3 12 4 12 5 12 6 12 7 12 9 12 10 12 11 12 13 13 1 13 2 13 3 13 4 13 5 13 6 13 7 13 8 13 10 13 11 13 12
V
2 8 13
140 1 2 1 3 1 4 1 5 1 7 1 8 1 9 1 10 1 11 1 12 1 13 2 1 2 3 2 4 2 5 2 6 2 8 2 9 2 10 2 11 2 12 2 13 3 1 3 2 3 4 3 5 3 6 3 7 3 9 3 10 3 11 3 12 3 13 4 1 4 2 4 3 4 5 4 6 4 7 4 8 4 10 4 11 4 12 4 13 5 1 5 2 5 3 5 4 5 6 5 7 5 8 5 9 5 11 5 12 5 13 6 2 6 3 6 4 6 5 6 7 6 8 6 9 6 10 6 12 6 13 7 1 7 3 7 4 7 5 7 6 7 8 7 9 7 10 7 11 7 13 8 1 8 2 8 4 8 5 8 6 8 7 8 9 8 10 8 11 8 12 9 1 9 2 9 3 9 5 9 6 9 7 9 8 9 10 9 11 9 12 9 13 10 1 10 2 10 3 10 4 10 6 10 7 10 8 10 9 10 11 10 12 10 13 11 1 11 2 11 3 11 4 11 5 11 7 11 8 11 9 11 10 11 12 11 13 12 1 12 2 12 3 12 4 12 5 12 6 12 8 12 9 12 10 12 11 12 13 13 1 13 2 13 3 13 4 13 5 13 6 13 7 13 9 13 10 13 11 13 12
V
2 9 10
132 1 3 1 4 1 5 1 6 1 7 1 8 1 9 1 10 1 11 1 12 1 13 2 4 2 5 2 6 2 7 2 8 2 9 2 10 2 11 2 12 2 13 3 1 3 5 3 6 3 7 3 8 3 9 3 10 3 11 3 12 3 13 4 1 4 2 4 6 4 7 4 8 4 9 4 10 4 11 4 12 4 13 5 1 5 2 5 3 5 7 5 8 5 9 5 10 5 11 5 12 5 13 6 1 6 2 6 3 6 4 6 8 6 9 6 10 6 11 6 12 6 13 7 1 7 2 7 3 7 4 7 5 7 9 7 10 7 11 7 12 7 13 8 1 8 2 8 3 8 4 8 5 8 6 8 10 8 11 8 12 8 13 9 1 9 2 9 3 9 4 9 5 9 6 9 7 9 11 9 12 9 13 10 1 10 2 10 3 10 4 10 5 10 6 10 7 10 8 10 12 10 13 11 1 11 2 11 3 11 4 11 5 11 6 11 7 11 8 11 9 11 13 12 1 12 2 12 3 12 4 12 5 12 6 12 7 12 8 12 9 12 10 13 1 13 2 13 3 13 4 13 5 13 6 13 7 13 8 13 9 13 10 13 11
V
2 9 11
134 1 2 1 4 1 5 1 6 1 7 1 8 1 9 1 10 1 11 1 12 1 13 2 1 2 3 2 5 2 6 2 7 2 8 2 9 2 10 2 11 2 12 2 13 3 2 3 4 3 6 3 7 3 8 3 9 3 10 3 11 3 12 3 13 4 1 4 3 4 5 4 7 4 8 4 9 4 10 4 11 4 12 4 13 5 1 5 2 5 4 5 6 5 8 5 9 5 10 5 11 5 12 5 13 6 1 6 2 6 3 6 5 6 7 6 9 6 10 6 11 6 12 6 13 7 1 7 2 7 3 7 4 7 6 7 8 7 10 7 11 7 12 7 13 8 1 8 2 8 3 8 4 8 5 8 7 8 9 8 11 8 12 8 13 9 1 9 2 9 3 9 4 9 5 9 6 9 8 9 10 9 12 9 13 10 1 10 2 10 3 10 4 10 5 10 6 10 7 10 9 10 11 10 13 11 1 11 2 11 3 11 4 11 5 11 6 11 7 11 8 11 10 11 12 12 1 12 2 12 3 12 4 12 5 12 6 12 7 12 8 12 9 12 11 12 13 13 1 13 2 13 3 13 4 13 5 13 6 13 7 13 8 13 9 13 10 13 12
V
2 9 12
136 1 2 1 3 1 5 1 6 1 7 1 8 1 9 1 10 1 11 1 12 1 13 2 1 2 3 2 4 2 6 2 7 2 8 2 9 2 10 2 11 2 12 2 13 3 1 3 2 3 4 3 5 3 7 3 8 3 9 3 10 3 11 3 12 3 13 4 2 4 3 4 5 4 6 4 8 4 9 4 10 4 11 4 12 4 13 5 1 5 3 5 4 5 6 5 7 5 9 5 10 5 11 5 12 5 13 6 1 6 2 6 4 6 5 6 7 6 8 6 10 6 11 6 12 6 13 7 1 7 2 7 3 7 5 7 6 7 8 7 9 7 11 7 12 7 13 8 1 8 2 8 3 8 4 8 6 8 7 8 9 8 10 8 12 8 13 9 1 9 2 9 3 9 4 9 5 9 7 9 8 9 10 9 11 9 13 10 1 10 2 10 3 10 4 10 5 10 6 10 8 10 9 10 11 10 12 11 1 11 2 11 3 11 4 11 5 11 6 11 7 11 9 11 10 11 12 11 13 12 1 12 2 12 3 12 4 12 5 12 6 12 7 12 8 12 10 12 11 12 13 13 1 13 2 13 3 13 4 13 5 13 6 13 7 13 8 13 9 13 11 13 12
V
2 9 13
138 1 2 1 3 1 4 1 6 1 7 1 8 1 9 1 10 1 11 1 12 1 13 2 1 2 3 2 4 2 5 2 7 2 8 2 9 2 10 2 11 2 12 2 13 3 1 3 2 3 4 3 5 3 6 3 8 3 9 3 10 3 11 3 12 3 13 4 1 4 2 4 3 4 5 4 6 4 7 4 9 4 10 4 11 4 12 4 13 5 2 5 3 5 4 5 6 5 7 5 8 5 10 5 11 5 12 5 13 6 1 6 3 6 4 6 5 6 7 6 8 6 9 6 11 6 12 6 13 7 1 7 2 7 4 7 5 7 6 7 8 7 9 7 10 7 12 7 13 8 1 8 2 8 3 8 5 8 6 8 7 8 9 8 10 8 11 8 13 9 1 9 2 9 3 9 4 9 6 9 7 9 8 9 10 9 11 9 12 10 1 10 2 10 3 10 4 10 5 10 7 10 8 10 9 10 11 10 12 10 13 11 1 11 2 11 3 11 4 11 5 11 6 11 8 11 9 11 10 11 12 11 13 12 1 12 2 12 3 12 4 12 5 12 6 12 7 12 9 12 10 12 11 12 13 13 1 13 2 13 3 13 4 13 5 13 6 13 7 13 8 13 10 13 11 13 12
V
2 10 11
132 1 3 1 4 1 5 1 6 1 7 1 8 1 9 1 10 1 11 1 12 1 13 2 4 2 5 2 6 2 7 2 8 2 9 2 10 2 11 2 12 2 13 3 1 3 5 3 6 3 7 3 8 3 9 3 10 3 11 3 12 3 13 4 1 4 2 4 6 4 7 4 8 4 9 4 10 4 11 4 12 4 13 5 1 5 2 5 3 5 7 5 8 5 9 5 10 5 11 5 12 5 13 6 1 6 2 6 3 6 4 6 8 6 9 6 10 6 11 6 12 6 13 7 1 7 2 7 3 7 4 7 5 7 9 7 10 7 11 7 12 7 13 8 1 8 2 8 3 8 4 8 5 8 6 8 10 8 11 8 12 8 13 9 1 9 2 9 3 9 4 9 5 9 6 9 7 9 11 9 12 9 13 10 1 10 2 10 3 10 4 10 5 10 6 10 7 10 8 10 12 10 13 11 1 11 2 11 3 11 4 11 5 11 6 11 7 11 8 11 9 11 13 12 1 12 2 12 3 12 4 12 5 12 6 12 7 12 8 12 9 12 10 13 1 13 2 13 3 13 4 13 5 13 6 13 7 13 8 13 9 13 10 13 11
V
2 10 12
134 1 2 1 4 1 5 1 6 1 7 1 8 1 9 1 10 1 11 1 12 1 13 2 1 2 3 2 5 2 6 2 7 2 8 2 9 2 10 2 11 2 12 2 13 3 2 3 4 3 6 3 7 3 8 3 9 3 10 3 11 3 12 3 13 4 1 4 3 4 5 4 7 4 8 4 9 4 10 4 11 4 12 4 13 5 1 5 2 5 4 5 6 5 8 5 9 5 10 5 11 5 12 5 13 6 1 6 2 6 3 6 5 6 7 6 9 6 10 6 11 6 12 6 13 7 1 7 2 7 3 7 4 7 6 7 8 7 10 7 11 7 12 7 13 8 1 8 2 8 3 8 4 8 5 8 7 8 9 8 11 8 12 8 13 9 1 9 2 9 3 9 4 9 5 9 6 9 8 9 10 9 12 9 13 10 1 10 2 10 3 10 4 10 5 10 6 10 7 10 9 10 11 10 13 11 1 11 2 11 3 11 4 11 5 11 6 11 7 11 8 11 10 11 12 12 1 12 2 12 3 12 4 12 5 12 6 12 7 12 8 12 9 12 11 12 13 13 1 13 2 13 3 13 4 13 5 13 6 13 7 13 8 13 9 13 10 13 12
V
2 10 13
136 1 2 1 3 1 5 1 6 1 7 1 8 1 9 1 10 1 11 1 12 1 13 2 1 2 3 2 4 2 6 2 7 2 8 2 9 2 10 2 11 2 12 2 13 3 1 3 2 3 4 3 5 3 7 3 8 3 9 3 10 3 11 3 12 3 13 4 2 4 3 4 5 4 6 4 8 4 9 4 10 4 11 4 12 4 13 5 1 5 3 5 4 5 6 5 7 5 9 5 10 5 11 5 12 5 13 6 1 6 2 6 4 6 5 6 7 6 8 6 10 6 11 6 12 6 13 7 1 7 2 7 3 7 5 7 6 7 8 7 9 7 11 7 12 7 13 8 1 8 2 8 3 8 4 8 6 8 7 8 9 8 10 8 12 8 13 9 1 9 2 9 3 9 4 9 5 9 7 9 8 9 10 9 11 9 13 10 1 10 2 10 3 10 4 10 5 10 6 10 8 10 9 10 11 10 12 11 1 11 2 11 3 11 4 11 5 11 6 11 7 11 9 11 10 11 12 11 13 12 1 12 2 12 3 12 4 12 5 12 6 12 7 12 8 12 10 12 11 12 13 13 1 13 2 13 3 13 4 13 5 13 6 13 7 13 8 13 9 13 11 13 12
V
2 11 12
132 1 3 1 4 1 5 1 6 1 7 1 8 1 9 1 10 1 11 1 12 1 13 2 4 2 5 2 6 2 7 2 8 2 9 2 10 2 11 2 12 2 13 3 1 3 5 3 6 3 7 3 8 3 9 3 10 3 11 3 12 3 13 4 1 4 2 4 6 4 7 4 8 4 9 4 10 4 11 4 12 4 13 5 1 5 2 5 3 5 7 5 8 5 9 5 10 5 11 5 12 5 13 6 1 6 2 6 3 6 4 6 8 6 9 6 10 6 11 6 12 6 13 7 1 7 2 7 3 7 4 7 5 7 9 7 10 7 11 7 12 7 13 8 1 8 2 8 3 8 4 8 5 8 6 8 10 8 11 8 12 8 13 9 1 9 2 9 3 9 4 9 5 9 6 9 7 9 11 9 12 9 13 10 1 10 2 10 3 10 4 10 5 10 6 10 7 10 8 10 12 10 13 11 1 11 2 11 3 11 4 11 5 11 6 11 7 11 8 11 9 11 13 12 1 12 2 12 3 12 4 12 5 12 6 12 7 12 8 12 9 12 10 13 1 13 2 13 3 13 4 13 5 13 6 13 7 13 8 13 9 13 10 13 11
V
2 11 13
134 1 2 1 4 1 5 1 6 1 7 1 8 1 9 1 10 1 11 1 12 1 13 2 1 2 3 2 5 2 6 2 7 2 8 2 9 2 10 2 11 2 12 2 13 3 2 3 4 3 6 3 7 3 8 3 9 3 10 3 11 3 12 3 13 4 1 4 3 4 5 4 7 4 8 4 9 4 10 4 11 4 12 4 13 5 1 5 2 5 4 5 6 5 8 5 9 5 10 5 11 5 12 5 13 6 1 6 2 6 3 6 5 6 7 6 9 6 10 6 11 6 12 6 13 7 1 7 2 7 3 7 4 7 6 7 8 7 10 7 11 7 12 7 13 8 1 8 2 8 3 8 4 8 5 8 7 8 9 8 11 8 12 8 13 9 1 9 2 9 3 9 4 9 5 9 6 9 8 9 10 9 12 9 13 10 1 10 2 10 3 10 4 10 5 10 6 10 7 10 9 10 11 10 13 11 1 11 2 11 3 11 4 11 5 11 6 11 7 11 8 11 10 11 12 12 1 12 2 12 3 12 4 12 5 12 6 12 7 12 8 12 9 12 11 12 13 13 1 13 2 13 3 13 4 13 5 13 6 13 7 13 8 13 9 13 10 13 12
V
2 12 13
132 1 3 1 4 1 5 1 6 1 7 1 8 1 9 1 10 1 11 1 12 1 13 2 4 2 5 2 6 2 7 2 8 2 9 2 10 2 11 2 12 2 13 3 1 3 5 3 6 3 7 3 8 3 9 3 10 3 11 3 12 3 13 4 1 4 2 4 6 4 7 4 8 4 9 4 10 4 11 4 12 4 13 5 1 5 2 5 3 5 7 5 8 5 9 5 10 5 11 5 12 5 13 6 1 6 2 6 3 6 4 6 8 6 9 6 10 6 11 6 12 6 13 7 1 7 2 7 3 7 4 7 5 7 9 7 10 7 11 7 12 7 13 8 1 8 2 8 3 8 4 8 5 8 6 8 10 8 11 8 12 8 13 9 1 9 2 9 3 9 4 9 5 9 6 9 7 9 11 9 12 9 13 10 1 10 2 10 3 10 4 10 5 10 6 10 7 10 8 10 12 10 13 11 1 11 2 11 3 11 4 11 5 11 6 11 7 11 8 11 9 11 13 12 1 12 2 12 3 12 4 12 5 12 6 12 7 12 8 12 9 12 10 13 1 13 2 13 3 13 4 13 5 13 6 13 7 13 8 13 9 13 10 13 11
