14
14 1 2 3 4 5 6 7 8 9 10 11 12 13 14
14 1 2 3 4 5 6 7 8 9 10 11 12 13 14
14 1 2 3 4 5 6 7 8 9 10 11 12 13 14
14 1 2 3 4 5 6 7 8 9 10 11 12 13 14
14 1 2 3 4 5 6 7 8 9 10 11 12 13 14
14 1 2 3 4 5 6 7 8 9 10 11 12 13 14
14 1 2 3 4 5 6 7 8 9 10 11 12 13 14
14 1 2 3 4 5 6 7 8 9 10 11 12 13 14
14 1 2 3 4 5 6 7 8 9 10 11 12 13 14
14 1 2 3 4 5 6 7 8 9 10 11 12 13 14
14 1 2 3 4 5 6 7 8 9 10 11 12 13 14
14 1 2 3 4 5 6 7 8 9 10 11 12 13 14
14 1 2 3 4 5 6 7 8 9 10 11 12 13 14
14 1 2 3 4 5 6 7 8 9 10 11 12 13 14
91
V
2 1 2
156 1 3 1 4 1 5 1 6 1 7 1 8 1 9 1 10 1 11 1 12 1 13 1 14 2 4 2 5 2 6 2 7 2 8 2 9 2 10 2 11 2 12 2 13 2 14 3 1 3 5 3 6 3 7 3 8 3 9 3 10 3 11 3 12 3 13 3 14 4 1 4 2 4 6 4 7 4 8 4 9 4 10 4 11 4 12 4 13 4 14 5 1 5 2 5 3 5 7 5 8 5 9 5 10 5 11 5 12 5 13 5 14 6 1 6 2 6 3 6 4 6 8 6 9 6 10 6 11 6 12 6 13 6 14 7 1 7 2 7 3 7 4 7 5 7 9 7 10 7 11 7 12 7 13 7 14 8 1 8 2 8 3 8 4 8 5 8 6 8 10 8 11 8 12 8 13 8 14 9 1 9 2 9 3 9 4 9 5 9 6 9 7 9 11 9 12 9 13 9 14 10 1 10 2 10 3 10 4 10 5 10 6 10 7 10 8 10 12 10 13 10 14 11 1 11 2 11 3 11 4 11 5 11 6 11 7 11 8 11 9 11 13 11 14 12 1 12 2 12 3 12 4 12 5 12 6 12 7 12 8 12 9 12 10 12 14 13 1 13 2 13 3 13 4 13 5 13 6 13 7 13 8 13 9 13 10 13 11 14 1 14 2 14 3 14 4 14 5 14 6 14 7 14 8 14 9 14 10 14 11 14 12
V
2 1 3
158 1 2 1 4 1 5 1 6 1 7 1 8 1 9 1 10 1 11 1 12 1 13 1 14 2 1 2 3 2 5 2 6 2 7 2 8 2 9 2 10 2 11 2 12 2 13 2 14 3 2 3 4 3 6 3 7 3 8 3 9 3 10 3 11 3 12 3 13 3 14 4 1 4 3 4 5 4 7 4 8 4 9 4 10 4 11 4 12 4 13 4 14 5 1 5 2 5 4 5 6 5 8 5 9 5 10 5 11 5 12 5 13 5 14 6 1 6 2 6 3 6 5 6 7 6 9 6 10 6 11 6 12 6 13 6 14 7 1 7 2 7 3 7 4 7 6 7 8 7 10 7 11 7 12 7 13 7 14 8 1 8 2 8 3 8 4 8 5 8 7 8 9 8 11 8 12 8 13 8 14 9 1 9 2 9 3 9 4 9 5 9 6 9 8 9 10 9 12 9 13 9 14 10 1 10 2 10 3 10 4 10 5 10 6 10 7 10 9 10 11 10 13 10 14 11 1 11 2 11 3 11 4 11 5 11 6 11 7 11 8 11 10 11 12 11 14 12 1 12 2 12 3 12 4 12 5 12 6 12 7 12 8 12 9 12 11 12 13 13 1 13 2 13 3 13 4 13 5 13 6 13 7 13 8 13 9 13 10 13 12 13 14 14 1 14 2 14 3 14 4 14 5 14 6 14 7 14 8 14 9 14 10 14 11 14 13
V
2 1 4
160 1 2 1 3 1 5 1 6 1 7 1 8 1 9 1 10 1 11 1 12 1 13 1 14 2 1 2 3 2 4 2 6 2 7 2 8 2 9 2 10 2 11 2 12 2 13 2 14 3 1 3 2 3 4 3 5 3 7 3 8 3 9 3 10 3 11 3 12 3 13 3 14 4 2 4 3 4 5 4 6 4 8 4 9 4 10 4 11 4 12 4 13 4 14 5 1 5 3 5 4 5 6 5 7 5 9 5 10 5 11 5 12 5 13 5 14 6 1 6 2 6 4 6 5 6 7 6 8 6 10 6 11 6 12 6 13 6 14 7 1 7 2 7 3 7 5 7 6 7 8 7 9 7 11 7 12 7 13 7 14 8 1 8 2 8 3 8 4 8 6 8 7 8 9 8 10 8 12 8 13 8 14 9 1 9 2 9 3 9 4 9 5 9 7 9 8 9 10 9 11 9 13 9 14 10 1 10 2 10 3 10 4 10 5 10 6 10 8 10 9 10 11 10 12 10 14 11 1 11 2 11 3 11 4 11 5 11 6 11 7 11 9 11 10 11 12 11 13 12 1 12 2 12 3 12 4 12 5 12 6 12 7 12 8 12 10 12 11 12 13 12 14 13 1 13 2 13 3 13 4 13 5 13 6 13 7 13 8 13 9 13 11 13 12 13 14 14 1 14 2 14 3 14 4 14 5 14 6 14 7 14 8 14 9 14 10 14 12 14 13
V
2 1 5
162 1 2 1 3 1 4 1 6 1 7 1 8 1 9 1 10 1 11 1 12 1 13 1 14 2 1 2 3 2 4 2 5 2 7 2 8 2 9 2 10 2 11 2 12 2 13 2 14 3 1 3 2 3 4 3 5 3 6 3 8 3 9 3 10 3 11 3 12 3 13 3 14 4 1 4 2 4 3 4 5 4 6 4 7 4 9 4 10 4 11 4 12 4 13 4 14 5 2 5 3 5 4 5 6 5 7 5 8 5 10 5 11 5 12 5 13 5 14 6 1 6 3 6 4 6 5 6 7 6 8 6 9 6 11 6 12 6 13 6 14 7 1 7 2 7 4 7 5 7 6 7 8 7 9 7 10 7 12 7 13 7 14 8 1 8 2 8 3 8 5 8 6 8 7 8 9 8 10 8 11 8 13 8 14 9 1 9 2 9 3 9 4 9 6 9 7 9 8 9 10 9 11 9 12 9 14 10 1 10 2 10 3 10 4 10 5 10 7 10 8 10 9 10 11 10 12 10 13 11 1 11 2 11 3 11 4 11 5 11 6 11 8 11 9 11 10 11 12 11 13 11 14 12 1 12 2 12 3 12 4 12 5 12 6 12 7 12 9 12 10 12 11 12 13 12 14 13 1 13 2 13 3 13 4 13 5 13 6 13 7 13 8 13 10 13 11 13 12 13 14 14 1 14 2 14 3 14 4 14 5 14 6 14 7 14 8 14 9 14 11 14 12 14 13
V
2 1 6
164 1 2 1 3 1 4 1 5 1 7 1 8 1 9 1 10 1 11 1 12 1 13 1 14 2 1 2 3 2 4 2 5 2 6 2 8 2 9 2 10 2 11 2 12 2 13 2 14 3 1 3 2 3 4 3 5 3 6 3 7 3 9 3 10 3 11 3 12 3 13 3 14 4 1 4 2 4 3 4 5 4 6 4 7 4 8 4 10 4 11 4 12 4 13 4 14 5 1 5 2 5 3 5 4 5 6 5 7 5 8 5 9 5 11 5 12 5 13 5 14 6 2 6 3 6 4 6 5 6 7 6 8 6 9 6 10 6 12 6 13 6 14 7 1 7 3 7 4 7 5 7 6 7 8 7 9 7 10 7 11 7 13 7 14 8 1 8 2 8 4 8 5 8 6 8 7 8 9 8 10 8 11 8 12 8 14 9 1 9 2 9 3 9 5 9 6 9 7 9 8 9 10 9 11 9 12 9 13 10 1 10 2 10 3 10 4 10 6 10 7 10 8 10 9 10 11 10 12 10 13 10 14 11 1 11 2 11 3 11 4 11 5 11 7 11 8 11 9 11 10 11 12 11 13 11 14 12 1 12 2 12 3 12 4 12 5 12 6 12 8 12 9 12 10 12 11 12 13 12 14 13 1 13 2 13 3 13 4 13 5 13 6 13 7 13 9 13 10 13 11 13 12 13 14 14 1 14 2 14 3 14 4 14 5 14 6 14 7 14 8 14 10 14 11 14 12 14 13
V
2 1 7
166 1 2 1 3 1 4 1 5 1 6 1 8 1 9 1 10 1 11 1 12 1 13 1 14 2 1 2 3 2 4 2 5 2 6 2 7 2 9 2 10 2 11 2 12 2 13 2 14 3 1 3 2 3 4 3 5 3 6 3 7 3 8 3 10 3 11 3 12 3 13 3 14 4 1 4 2 4 3 4 5 4 6 4 7 4 8 4 9 4 11 4 12 4 13 4 14 5 1 5 2 5 3 5 4 5 6 5 7 5 8 5 9 5 10 5 12 5 13 5 14 6 1 6 2 6 3 6 4 6 5 6 7 6 8 6 9 6 10 6 11 6 13 6 14 7 2 7 3 7 4 7 5 7 6 7 8 7 9 7 10 7 11 7 12 7 14 8 1 8 3 8 4 8 5 8 6 8 7 8 9 8 10 8 11 8 12 8 13 9 1 9 2 9 4 9 5 9 6 9 7 9 8 9 10 9 11 9 12 9 13 9 14 10 1 10 2 10 3 10 5 10 6 10 7 10 8 10 9 10 11 10 12 10 13 10 14 11 1 11 2 11 3 11 4 11 6 11 7 11 8 11 9 11 10 11 12 11 13 11 14 12 1 12 2 12 3 12 4 12 5 12 7 12 8 12 9 12 10 12 11 12 13 12 14 13 1 13 2 13 3 13 4 13 5 13 6 13 8 13 9 13 10 13 11 13 12 13 14 14 1 14 2 14 3 14 4 14 5 14 6 14 7 14 9 14 10 14 11 14 12 14 13
V
2 1 8
168 1 2 1 3 1 4 1 5 1 6 1 7 1 9 1 10 1 11 1 12 1 13 1 14 2 1 2 3 2 4 2 5 2 6 2 7 2 8 2 10 2 11 2 12 2 13 2 14 3 1 3 2 3 4 3 5 3 6 3 7 3 8 3 9 3 11 3 12 3 13 3 14 4 1 4 2 4 3 4 5 4 6 4 7 4 8 4 9 4 10 4 12 4 13 4 14 5 1 5 2 5 3 5 4 5 6 5 7 5 8 5 9 5 10 5 11 5 13 5 14 6 1 6 2 6 3 6 4 6 5 6 7 6 8 6 9 6 10 6 11 6 12 6 14 7 1 7 2 7 3 7 4 7 5 7 6 7 8 7 9 7 10 7 11 7 12 7 13 8 2 8 3 8 4 8 5 8 6 8 7 8 9 8 10 8 11 8 12 8 13 8 14 9 1 9 3 9 4 9 5 9 6 9 7 9 8 9 10 9 11 9 12 9 13 9 14 10 1 10 2 10 4 10 5 10 6 10 7 10 8 10 9 10 11 10 12 10 13 10 14 11 1 11 2 11 3 11 5 11 6 11 7 11 8 11 9 11 10 11 12 11 13 11 14 12 1 12 2 12 3 12 4 12 6 12 7 12 8 12 9 12 10 12 11 12 13 12 14 13 1 13 2 13 3 13 4 13 5 13 7 13 8 13 9 13 10 13 11 13 12 13 14 14 1 14 2 14 3 14 4 14 5 14 6 14 8 14 9 14 10 14 11 14 12 14 13
V
2 1 9
170 1 2 1 3 1 4 1 5 1 6 1 7 1 8 1 10 1 11 1 12 1 13 1 14 2 1 2 3 2 4 2 5 2 6 2 7 2 8 2 9 2 11 2 12 2 13 2 14 3 1 3 2 3 4 3 5 3 6 3 7 3 8 3 9 3 10 3 12 3 13 3 14 4 1 4 2 4 3 4 5 4 6 4 7 4 8 4 9 4 10 4 11 4 13 4 14 5 1 5 2 5 3 5 4 5 6 5 7 5 8 5 9 5 10 5 11 5 12 5 14 6 1 6 2 6 3 6 4 6 5 6 7 6 8 6 9 6 10 6 11 6 12 6 13 7 1 7 2 7 3 7 4 7 5 7 6 7 8 7 9 7 10 7 11 7 12 7 13 7 14 8 1 8 2 8 3 8 4 8 5 8 6 8 7 8 9 8 10 8 11 8 12 8 13 8 14 9 2 9 3 9 4 9 5 9 6 9 7 9 8 9 10 9 11 9 12 9 13 9 14 10 1 10 3 10 4 10 5 10 6 10 7 10 8 10 9 10 11 10 12 10 13 10 14 11 1 11 2 11 4 11 5 11 6 11 7 11 8 11 9 11 10 11 12 11 13 11 14 12 1 12 2 12 3 12 5 12 6 12 7 12 8 12 9 12 10 12 11 12 13 12 14 13 1 13 2 13 3 13 4 13 6 13 7 13 8 13 9 13 10 13 11 13 12 13 14 14 1 14 2 14 3 14 4 14 5 14 7 14 8 14 9 14 10 14 11 14 12 14 13
V
2 1 10
172 1 2 1 3 1 4 1 5 1 6 1 7 1 8 1 9 1 11 1 12 1 13 1 14 2 1 2 3 2 4 2 5 2 6 2 7 2 8 2 9 2 10 2 12 2 13 2 14 3 1 3 2 3 4 3 5 3 6 3 7 3 8 3 9 3 10 3 11 3 13 3 14 4 1 4 2 4 3 4 5 4 6 4 7 4 8 4 9 4 10 4 11 4 12 4 14 5 1 5 2 5 3 5 4 5 6 5 7 5 8 5 9 5 10 5 11 5 12 5 13 6 1 6 2 6 3 6 4 6 5 6 7 6 8 6 9 6 10 6 11 6 12 6 13 6 14 7 1 7 2 7 3 7 4 7 5 7 6 7 8 7 9 7 10 7 11 7 12 7 13 7 14 8 1 8 2 8 3 8 4 8 5 8 6 8 7 8 9 8 10 8 11 8 12 8 13 8 14 9 1 9 2 9 3 9 4 9 5 9 6 9 7 9 8 9 10 9 11 9 12 9 13 9 14 10 2 10 3 10 4 10 5 10 6 10 7 10 8 10 9 10 11 10 12 10 13 10 14 11 1 11 3 11 4 11 5 11 6 11 7 11 8 11 9 11 10 11 12 11 13 11 14 12 1 12 2 12 4 12 5 12 6 12 7 12 8 12 9 12 10 12 11 12 13 12 14 13 1 13 2 13 3 13 5 13 6 13 7 13 8 13 9 13 10 13 11 13 12 13 14 14 1 14 2 14 3 14 4 14 6 14 7 14 8 14 9 14 10 14 11 14 12 14 13
V
2 1 11
174 1 2 1 3 1 4 1 5 1 6 1 7 1 8 1 9 1 10 1 12 1 13 1 14 2 1 2 3 2 4 2 5 2 6 2 7 2 8 2 9 2 10 2 11 2 13 2 14 3 1 3 2 3 4 3 5 3 6 3 7 3 8 3 9 3 10 3 11 3 12 3 14 4 1 4 2 4 3 4 5 4 6 4 7 4 8 4 9 4 10 4 11 4 12 4 13 5 1 5 2 5 3 5 4 5 6 5 7 5 8 5 9 5 10 5 11 5 12 5 13 5 14 6 1 6 2 6 3 6 4 6 5 6 7 6 8 6 9 6 10 6 11 6 12 6 13 6 14 7 1 7 2 7 3 7 4 7 5 7 6 7 8 7 9 7 10 7 11 7 12 7 13 7 14 8 1 8 2 8 3 8 4 8 5 8 6 8 7 8 9 8 10 8 11 8 12 8 13 8 14 9 1 9 2 9 3 9 4 9 5 9 6 9 7 9 8 9 10 9 11 9 12 9 13 9 14 10 1 10 2 10 3 10 4 10 5 10 6 10 7 10 8 10 9 10 11 10 12 10 13 10 14 11 2 11 3 11 4 11 5 11 6 11 7 11 8 11 9 11 10 11 12 11 13 11 14 12 1 12 3 12 4 12 5 12 6 12 7 12 8 12 9 12 10 12 11 12 13 12 14 13 1 13 2 13 4 13 5 13 6 13 7 13 8 13 9 13 10 13 11 13 12 13 14 14 1 14 2 14 3 14 5 14 6 14 7 14 8 14 9 14 10 14 11 14 12 14 13
V
2 1 12
176 1 2 1 3 1 4 1 5 1 6 1 7 1 8 1 9 1 10 1 11 1 13 1 14 2 1 2 3 2 4 2 5 2 6 2 7 2 8 2 9 2 10 2 11 2 12 2 14 3 1 3 2 3 4 3 5 3 6 3 7 3 8 3 9 3 10 3 11 3 12 3 13 4 1 4 2 4 3 4 5 4 6 4 7 4 8 4 9 4 10 4 11 4 12 4 13 4 14 5 1 5 2 5 3 5 4 5 6 5 7 5 8 5 9 5 10 5 11 5 12 5 13 5 14 6 1 6 2 6 3 6 4 6 5 6 7 6 8 6 9 6 10 6 11 6 12 6 13 6 14 7 1 7 2 7 3 7 4 7 5 7 6 7 8 7 9 7 10 7 11 7 12 7 13 7 14 8 1 8 2 8 3 8 4 8 5 8 6 8 7 8 9 8 10 8 11 8 12 8 13 8 14 9 1 9 2 9 3 9 4 9 5 9 6 9 7 9 8 9 10 9 11 9 12 9 13 9 14 10 1 10 2 10 3 10 4 10 5 10 6 10 7 10 8 10 9 10 11 10 12 10 13 10 14 11 1 11 2 11 3 11 4 11 5 11 6 11 7 11 8 11 9 11 10 11 12 11 13 11 14 12 2 12 3 12 4 12 5 12 6 12 7 12 8 12 9 12 10 12 11 12 13 12 14 13 1 13 3 13 4 13 5 13 6 13 7 13 8 13 9 13 10 13 11 13 12 13 14 14 1 14 2 14 4 14 5 14 6 14 7 14 8 14 9 14 10 14 11 14 12 14 13
V
2 1 13
178 1 2 1 3 1 4 1 5 1 6 1 7 1 8 1 9 1 10 1 11 1 12 1 14 2 1 2 3 2 4 2 5 2 6 2 7 2 8 2 9 2 10 2 11 2 12 2 13 3 1 3 2 3 4 3 5 3 6 3 7 3 8 3 9 3 10 3 11 3 12 3 13 3 14 4 1 4 2 4 3 4 5 4 6 4 7 4 8 4 9 4 10 4 11 4 12 4 13 4 14 5 1 5 2 5 3 5 4 5 6 5 7 5 8 5 9 5 10 5 11 5 12 5 13 5 14 6 1 6 2 6 3 6 4 6 5 6 7 6 8 6 9 6 10 6 11 6 12 6 13 6 14 7 1 7 2 7 3 7 4 7 5 7 6 7 8 7 9 7 10 7 11 7 12 7 13 7 14 8 1 8 2 8 3 8 4 8 5 8 6 8 7 8 9 8 10 8 11 8 12 8 13 8 14 9 1 9 2 9 3 9 4 9 5 9 6 9 7 9 8 9 10 9 11 9 12 9 13 9 14 10 1 10 2 10 3 10 4 10 5 10 6 10 7 10 8 10 9 10 11 10 12 10 13 10 14 11 1 11 2 11 3 11 4 11 5 11 6 11 7 11 8 11 9 11 10 11 12 11 13 11 14 12 1 12 2 12 3 12 4 12 5 12 6 12 7 12 8 12 9 12 10 12 11 12 13 12 14 13 2 13 3 13 4 13 5 13 6 13 7 13 8 13 9 13 10 13 11 13 12 13 14 14 1 14 3 14 4 14 5 14 6 14 7 14 8 14 9 14 10 14 11 14 12 14 13
V
2 1 14
180 1 2 1 3 1 4 1 5 1 6 1 7 1 8 1 9 1 10 1 11 1 12 1 13 2 1 2 3 2 4 2 5 2 6 2 7 2 8 2 9 2 10 2 11 2 12 2 13 2 14 3 1 3 2 3 4 3 5 3 6 3 7 3 8 3 9 3 10 3 11 3 12 3 13 3 14 4 1 4 2 4 3 4 5 4 6 4 7 4 8 4 9 4 10 4 11 4 12 4 13 4 14 5 1 5 2 5 3 5 4 5 6 5 7 5 8 5 9 5 10 5 11 5 12 5 13 5 14 6 1 6 2 6 3 6 4 6 5 6 7 6 8 6 9 6 10 6 11 6 12 6 13 6 14 7 1 7 2 7 3 7 4 7 5 7 6 7 8 7 9 7 10 7 11 7 12 7 13 7 14 8 1 8 2 8 3 8 4 8 5 8 6 8 7 8 9 8 10 8 11 8 12 8 13 8 14 9 1 9 2 9 3 9 4 9 5 9 6 9 7 9 8 9 10 9 11 9 12 9 13 9 14 10 1 10 2 10 3 10 4 10 5 10 6 10 7 10 8 10 9 10 11 10 12 10 13 10 14 11 1 11 2 11 3 11 4 11 5 11 6 11 7 11 8 11 9 11 10 11 12 11 13 11 14 12 1 12 2 12 3 12 4 12 5 12 6 12 7 12 8 12 9 12 10 12 11 12 13 12 14 13 1 13 2 13 3 13 4 13 5 13 6 13 7 13 8 13 9 13 10 13 11 13 12 13 14 14 2 14 3 14 4 14 5 14 6 14 7 14 8 14 9 14 10 14 11 14 12 14 13
V
2 2 3
156 1 3 1 4 1 5 1 6 1 7 1 8 1 9 1 10 1 11 1 12 1 13 1 14 2 4 2 5 2 6 2 7 2 8 2 9 2 10 2 11 2 12 2 13 2 14 3 1 3 5 3 6 3 7 3 8 3 9 3 10 3 11 3 12 3 13 3 14 4 1 4 2 4 6 4 7 4 8 4 9 4 10 4 11 4 12 4 13 4 14 5 1 5 2 5 3 5 7 5 8 5 9 5 10 5 11 5 12 5 13 5 14 6 1 6 2 6 3 6 4 6 8 6 9 6 10 6 11 6 12 6 13 6 14 7 1 7 2 7 3 7 4 7 5 7 9 7 10 7 11 7 12 7 13 7 14 8 1 8 2 8 3 8 4 8 5 8 6 8 10 8 11 8 12 8 13 8 14 9 1 9 2 9 3 9 4 9 5 9 6 9 7 9 11 9 12 9 13 9 14 10 1 10 2 10 3 10 4 10 5 10 6 10 7 10 8 10 12 10 13 10 14 11 1 11 2 11 3 11 4 11 5 11 6 11 7 11 8 11 9 11 13 11 14 12 1 12 2 12 3 12 4 12 5 12 6 12 7 12 8 12 9 12 10 12 14 13 1 13 2 13 3 13 4 13 5 13 6 13 7 13 8 13 9 13 10 13 11 14 1 14 2 14 3 14 4 14 5 14 6 14 7 14 8 14 9 14 10 14 11 14 12
V
2 2 4
158 1 2 1 4 1 5 1 6 1 7 1 8 1 9 1 10 1 11 1 12 1 13 1 14 2 1 2 3 2 5 2 6 2 7 2 8 2 9 2 10 2 11 2 12 2 13 2 14 3 2 3 4 3 6 3 7 3 8 3 9 3 10 3 11 3 12 3 13 3 14 4 1 4 3 4 5 4 7 4 8 4 9 4 10 4 11 4 12 4 13 4 14 5 1 5 2 5 4 5 6 5 8 5 9 5 10 5 11 5 12 5 13 5 14 6 1 6 2 6 3 6 5 6 7 6 9 6 10 6 11 6 12 6 13 6 14 7 1 7 2 7 3 7 4 7 6 7 8 7 10 7 11 7 12 7 13 7 14 8 1 8 2 8 3 8 4 8 5 8 7 8 9 8 11 8 12 8 13 8 14 9 1 9 2 9 3 9 4 9 5 9 6 9 8 9 10 9 12 9 13 9 14 10 1 10 2 10 3 10 4 10 5 10 6 10 7 10 9 10 11 10 13 10 14 11 1 11 2 11 3 11 4 11 5 11 6 11 7 11 8 11 10 11 12 11 14 12 1 12 2 12 3 12 4 12 5 12 6 12 7 12 8 12 9 12 11 12 13 13 1 13 2 13 3 13 4 13 5 13 6 13 7 13 8 13 9 13 10 13 12 13 14 14 1 14 2 14 3 14 4 14 5 14 6 14 7 14 8 14 9 14 10 14 11 14 13
V
2 2 5
160 1 2 1 3 1 5 1 6 1 7 1 8 1 9 1 10 1 11 1 12 1 13 1 14 2 1 2 3 2 4 2 6 2 7 2 8 2 9 2 10 2 11 2 12 2 13 2 14 3 1 3 2 3 4 3 5 3 7 3 8 3 9 3 10 3 11 3 12 3 13 3 14 4 2 4 3 4 5 4 6 4 8 4 9 4 10 4 11 4 12 4 13 4 14 5 1 5 3 5 4 5 6 5 7 5 9 5 10 5 11 5 12 5 13 5 14 6 1 6 2 6 4 6 5 6 7 6 8 6 10 6 11 6 12 6 13 6 14 7 1 7 2 7 3 7 5 7 6 7 8 7 9 7 11 7 12 7 13 7 14 8 1 8 2 8 3 8 4 8 6 8 7 8 9 8 10 8 12 8 13 8 14 9 1 9 2 9 3 9 4 9 5 9 7 9 8 9 10 9 11 9 13 9 14 10 1 10 2 10 3 10 4 10 5 10 6 10 8 10 9 10 11 10 12 10 14 11 1 11 2 11 3 11 4 11 5 11 6 11 7 11 9 11 10 11 12 11 13 12 1 12 2 12 3 12 4 12 5 12 6 12 7 12 8 12 10 12 11 12 13 12 14 13 1 13 2 13 3 13 4 13 5 13 6 13 7 13 8 13 9 13 11 13 12 13 14 14 1 14 2 14 3 14 4 14 5 14 6 14 7 14 8 14 9 14 10 14 12 14 13
V
2 2 6
162 1 2 1 3 1 4 1 6 1 7 1 8 1 9 1 10 1 11 1 12 1 13 1 14 2 1 2 3 2 4 2 5 2 7 2 8 2 9 2 10 2 11 2 12 2 13 2 14 3 1 3 2 3 4 3 5 3 6 3 8 3 9 3 10 3 11 3 12 3 13 3 14 4 1 4 2 4 3 4 5 4 6 4 7 4 9 4 10 4 11 4 12 4 13 4 14 5 2 5 3 5 4 5 6 5 7 5 8 5 10 5 11 5 12 5 13 5 14 6 1 6 3 6 4 6 5 6 7 6 8 6 9 6 11 6 12 6 13 6 14 7 1 7 2 7 4 7 5 7 6 7 8 7 9 7 10 7 12 7 13 7 14 8 1 8 2 8 3 8 5 8 6 8 7 8 9 8 10 8 11 8 13 8 14 9 1 9 2 9 3 9 4 9 6 9 7 9 8 9 10 9 11 9 12 9 14 10 1 10 2 10 3 10 4 10 5 10 7 10 8 10 9 10 11 10 12 10 13 11 1 11 2 11 3 11 4 11 5 11 6 11 8 11 9 11 10 11 12 11 13 11 14 12 1 12 2 12 3 12 4 12 5 12 6 12 7 12 9 12 10 12 11 12 13 12 14 13 1 13 2 13 3 13 4 13 5 13 6 13 7 13 8 13 10 13 11 13 12 13 14 14 1 14 2 14 3 14 4 14 5 14 6 14 7 14 8 14 9 14 11 14 12 14 13
V
2 2 7
164 1 2 1 3 1 4 1 5 1 7 1 8 1 9 1 10 1 11 1 12 1 13 1 14 2 1 2 3 2 4 2 5 2 6 2 8 2 9 2 10 2 11 2 12 2 13 2 14 3 1 3 2 3 4 3 5 3 6 3 7 3 9 3 10 3 11 3 12 3 13 3 14 4 1 4 2 4 3 4 5 4 6 4 7 4 8 4 10 4 11 4 12 4 13 4 14 5 1 5 2 5 3 5 4 5 6 5 7 5 8 5 9 5 11 5 12 5 13 5 14 6 2 6 3 6 4 6 5 6 7 6 8 6 9 6 10 6 12 6 13 6 14 7 1 7 3 7 4 7 5 7 6 7 8 7 9 7 10 7 11 7 13 7 14 8 1 8 2 8 4 8 5 8 6 8 7 8 9 8 10 8 11 8 12 8 14 9 1 9 2 9 3 9 5 9 6 9 7 9 8 9 10 9 11 9 12 9 13 10 1 10 2 10 3 10 4 10 6 10 7 10 8 10 9 10 11 10 12 10 13 10 14 11 1 11 2 11 3 11 4 11 5 11 7 11 8 11 9 11 10 11 12 11 13 11 14 12 1 12 2 12 3 12 4 12 5 12 6 12 8 12 9 12 10 12 11 12 13 12 14 13 1 13 2 13 3 13 4 13 5 13 6 13 7 13 9 13 10 13 11 13 12 13 14 14 1 14 2 14 3 14 4 14 5 14 6 14 7 14 8 14 10 14 11 14 12 14 13
V
2 2 8
166 1 2 1 3 1 4 1 5 1 6 1 8 1 9 1 10 1 11 1 12 1 13 1 14 2 1 2 3 2 4 2 5 2 6 2 7 2 9 2 10 2 11 2 12 2 13 2 14 3 1 3 2 3 4 3 5 3 6 3 7 3 8 3 10 3 11 3 12 3 13 3 14 4 1 4 2 4 3 4 5 4 6 4 7 4 8 4 9 4 11 4 12 4 13 4 14 5 1 5 2 5 3 5 4 5 6 5 7 5 8 5 9 5 10 5 12 5 13 5 14 6 1 6 2 6 3 6 4 6 5 6 7 6 8 6 9 6 10 6 11 6 13 6 14 7 2 7 3 7 4 7 5 7 6 7 8 7 9 7 10 7 11 7 12 7 14 8 1 8 3 8 4 8 5 8 6 8 7 8 9 8 10 8 11 8 12 8 13 9 1 9 2 9 4 9 5 9 6 9 7 9 8 9 10 9 11 9 12 9 13 9 14 10 1 10 2 10 3 10 5 10 6 10 7 10 8 10 9 10 11 10 12 10 13 10 14 11 1 11 2 11 3 11 4 11 6 11 7 11 8 11 9 11 10 11 12 11 13 11 14 12 1 12 2 12 3 12 4 12 5 12 7 12 8 12 9 12 10 12 11 12 13 12 14 13 1 13 2 13 3 13 4 13 5 13 6 13 8 13 9 13 10 13 11 13 12 13 14 14 1 14 2 14 3 14 4 14 5 14 6 14 7 14 9 14 10 14 11 14 12 14 13
V
2 2 9
168 1 2 1 3 1 4 1 5 1 6 1 7 1 9 1 10 1 11 1 12 1 13 1 14 2 1 2 3 2 4 2 5 2 6 2 7 2 8 2 10 2 11 2 12 2 13 2 14 3 1 3 2 3 4 3 5 3 6 3 7 3 8 3 9 3 11 3 12 3 13 3 14 4 1 4 2 4 3 4 5 4 6 4 7 4 8 4 9 4 10 4 12 4 13 4 14 5 1 5 2 5 3 5 4 5 6 5 7 5 8 5 9 5 10 5 11 5 13 5 14 6 1 6 2 6 3 6 4 6 5 6 7 6 8 6 9 6 10 6 11 6 12 6 14 7 1 7 2 7 3 7 4 7 5 7 6 7 8 7 9 7 10 7 11 7 12 7 13 8 2 8 3 8 4 8 5 8 6 8 7 8 9 8 10 8 11 8 12 8 13 8 14 9 1 9 3 9 4 9 5 9 6 9 7 9 8 9 10 9 11 9 12 9 13 9 14 10 1 10 2 10 4 10 5 10 6 10 7 10 8 10 9 10 11 10 12 10 13 10 14 11 1 11 2 11 3 11 5 11 6 11 7 11 8 11 9 11 10 11 12 11 13 11 14 12 1 12 2 12 3 12 4 12 6 12 7 12 8 12 9 12 10 12 11 12 13 12 14 13 1 13 2 13 3 13 4 13 5 13 7 13 8 13 9 13 10 13 11 13 12 13 14 14 1 14 2 14 3 14 4 14 5 14 6 14 8 14 9 14 10 14 11 14 12 14 13
V
2 2 10
170 1 2 1 3 1 4 1 5 1 6 1 7 1 8 1 10 1 11 1 12 1 13 1 14 2 1 2 3 2 4 2 5 2 6 2 7 2 8 2 9 2 11 2 12 2 13 2 14 3 1 3 2 3 4 3 5 3 6 3 7 3 8 3 9 3 10 3 12 3 13 3 14 4 1 4 2 4 3 4 5 4 6 4 7 4 8 4 9 4 10 4 11 4 13 4 14 5 1 5 2 5 3 5 4 5 6 5 7 5 8 5 9 5 10 5 11 5 12 5 14 6 1 6 2 6 3 6 4 6 5 6 7 6 8 6 9 6 10 6 11 6 12 6 13 7 1 7 2 7 3 7 4 7 5 7 6 7 8 7 9 7 10 7 11 7 12 7 13 7 14 8 1 8 2 8 3 8 4 8 5 8 6 8 7 8 9 8 10 8 11 8 12 8 13 8 14 9 2 9 3 9 4 9 5 9 6 9 7 9 8 9 10 9 11 9 12 9 13 9 14 10 1 10 3 10 4 10 5 10 6 10 7 10 8 10 9 10 11 10 12 10 13 10 14 11 1 11 2 11 4 11 5 11 6 11 7 11 8 11 9 11 10 11 12 11 13 11 14 12 1 12 2 12 3 12 5 12 6 12 7 12 8 12 9 12 10 12 11 12 13 12 14 13 1 13 2 13 3 13 4 13 6 13 7 13 8 13 9 13 10 13 11 13 12 13 14 14 1 14 2 14 3 14 4 14 5 14 7 14 8 14 9 14 10 14 11 14 12 14 13
V
2 2 11
172 1 2 1 3 1 4 1 5 1 6 1 7 1 8 1 9 1 11 1 12 1 13 1 14 2 1 2 3 2 4 2 5 2 6 2 7 2 8 2 9 2 10 2 12 2 13 2 14 3 1 3 2 3 4 3 5 3 6 3 7 3 8 3 9 3 10 3 11 3 13 3 14 4 1 4 2 4 3 4 5 4 6 4 7 4 8 4 9 4 10 4 11 4 12 4 14 5 1 5 2 5 3 5 4 5 6 5 7 5 8 5 9 5 10 5 11 5 12 5 13 6 1 6 2 6 3 6 4 6 5 6 7 6 8 6 9 6 10 6 11 6 12 6 13 6 14 7 1 7 2 7 3 7 4 7 5 7 6 7 8 7 9 7 10 7 11 7 12 7 13 7 14 8 1 8 2 8 3 8 4 8 5 8 6 8 7 8 9 8 10 8 11 8 12 8 13 8 14 9 1 9 2 9 3 9 4 9 5 9 6 9 7 9 8 9 10 9 11 9 12 9 13 9 14 10 2 10 3 10 4 10 5 10 6 10 7 10 8 10 9 10 11 10 12 10 13 10 14 11 1 11 3 11 4 11 5 11 6 11 7 11 8 11 9 11 10 11 12 11 13 11 14 12 1 12 2 12 4 12 5 12 6 12 7 12 8 12 9 12 10 12 11 12 13 12 14 13 1 13 2 13 3 13 5 13 6 13 7 13 8 13 9 13 10 13 11 13 12 13 14 14 1 14 2 14 3 14 4 14 6 14 7 14 8 14 9 14 10 14 11 14 12 14 13
V
2 2 12
174 1 2 1 3 1 4 1 5 1 6 1 7 1 8 1 9 1 10 1 12 1 13 1 14 2 1 2 3 2 4 2 5 2 6 2 7 2 8 2 9 2 10 2 11 2 13 2 14 3 1 3 2 3 4 3 5 3 6 3 7 3 8 3 9 3 10 3 11 3 12 3 14 4 1 4 2 4 3 4 5 4 6 4 7 4 8 4 9 4 10 4 11 4 12 4 13 5 1 5 2 5 3 5 4 5 6 5 7 5 8 5 9 5 10 5 11 5 12 5 13 5 14 6 1 6 2 6 3 6 4 6 5 6 7 6 8 6 9 6 10 6 11 6 12 6 13 6 14 7 1 7 2 7 3 7 4 7 5 7 6 7 8 7 9 7 10 7 11 7 12 7 13 7 14 8 1 8 2 8 3 8 4 8 5 8 6 8 7 8 9 8 10 8 11 8 12 8 13 8 14 9 1 9 2 9 3 9 4 9 5 9 6 9 7 9 8 9 10 9 11 9 12 9 13 9 14 10 1 10 2 10 3 10 4 10 5 10 6 10 7 10 8 10 9 10 11 10 12 10 13 10 14 11 2 11 3 11 4 11 5 11 6 11 7 11 8 11 9 11 10 11 12 11 13 11 14 12 1 12 3 12 4 12 5 12 6 12 7 12 8 12 9 12 10 12 11 12 13 12 14 13 1 13 2 13 4 13 5 13 6 13 7 13 8 13 9 13 10 13 11 13 12 13 14 14 1 14 2 14 3 14 5 14 6 14 7 14 8 14 9 14 10 14 11 14 12 14 13
V
2 2 13
176 1 2 1 3 1 4 1 5 1 6 1 7 1 8 1 9 1 10 1 11 1 13 1 14 2 1 2 3 2 4 2 5 2 6 2 7 2 8 2 9 2 10 2 11 2 12 2 14 3 1 3 2 3 4 3 5 3 6 3 7 3 8 3 9 3 10 3 11 3 12 3 13 4 1 4 2 4 3 4 5 4 6 4 7 4 8 4 9 4 10 4 11 4 12 4 13 4 14 5 1 5 2 5 3 5 4 5 6 5 7 5 8 5 9 5 10 5 11 5 12 5 13 5 14 6 1 6 2 6 3 6 4 6 5 6 7 6 8 6 9 6 10 6 11 6 12 6 13 6 14 7 1 7 2 7 3 7 4 7 5 7 6 7 8 7 9 7 10 7 11 7 12 7 13 7 14 8 1 8 2 8 3 8 4 8 5 8 6 8 7 8 9 8 10 8 11 8 12 8 13 8 14 9 1 9 2 9 3 9 4 9 5 9 6 9 7 9 8 9 10 9 11 9 12 9 13 9 14 10 1 10 2 10 3 10 4 10 5 10 6 10 7 10 8 10 9 10 11 10 12 10 13 10 14 11 1 11 2 11 3 11 4 11 5 11 6 11 7 11 8 11 9 11 10 11 12 11 13 11 14 12 2 12 3 12 4 12 5 12 6 12 7 12 8 12 9 12 10 12 11 12 13 12 14 13 1 13 3 13 4 13 5 13 6 13 7 13 8 13 9 13 10 13 11 13 12 13 14 14 1 14 2 14 4 14 5 14 6 14 7 14 8 14 9 14 10 14 11 14 12 14 13
V
2 2 14
178 1 2 1 3 1 4 1 5 1 6 1 7 1 8 1 9 1 10 1 11 1 12 1 14 2 1 2 3 2 4 2 5 2 6 2 7 2 8 2 9 2 10 2 11 2 12 2 13 3 1 3 2 3 4 3 5 3 6 3 7 3 8 3 9 3 10 3 11 3 12 3 13 3 14 4 1 4 2 4 3 4 5 4 6 4 7 4 8 4 9 4 10 4 11 4 12 4 13 4 14 5 1 5 2 5 3 5 4 5 6 5 7 5 8 5 9 5 10 5 11 5 12 5 13 5 14 6 1 6 2 6 3 6 4 6 5 6 7 6 8 6 9 6 10 6 11 6 12 6 13 6 14 7 1 7 2 7 3 7 4 7 5 7 6 7 8 7 9 7 10 7 11 7 12 7 13 7 14 8 1 8 2 8 3 8 4 8 5 8 6 8 7 8 9 8 10 8 11 8 12 8 13 8 14 9 1 9 2 9 3 9 4 9 5 9 6 9 7 9 8 9 10 9 11 9 12 9 13 9 14 10 1 10 2 10 3 10 4 10 5 10 6 10 7 10 8 10 9 10 11 10 12 10 13 10 14 11 1 11 2 11 3 11 4 11 5 11 6 11 7 11 8 11 9 11 10 11 12 11 13 11 14 12 1 12 2 12 3 12 4 12 5 12 6 12 7 12 8 12 9 12 10 12 11 12 13 12 14 13 2 13 3 13 4 13 5 13 6 13 7 13 8 13 9 13 10 13 11 13 12 13 14 14 1 14 3 14 4 14 5 14 6 14 7 14 8 14 9 14 10 14 11 14 12 14 13
V
2 3 4
156 1 3 1 4 1 5 1 6 1 7 1 8 1 9 1 10 1 11 1 12 1 13 1 14 2 4 2 5 2 6 2 7 2 8 2 9 2 10 2 11 2 12 2 13 2 14 3 1 3 5 3 6 3 7 3 8 3 9 3 10 3 11 3 12 3 13 3 14 4 1 4 2 4 6 4 7 4 8 4 9 4 10 4 11 4 12 4 13 4 14 5 1 5 2 5 3 5 7 5 8 5 9 5 10 5 11 5 12 5 13 5 14 6 1 6 2 6 3 6 4 6 8 6 9 6 10 6 11 6 12 6 13 6 14 7 1 7 2 7 3 7 4 7 5 7 9 7 10 7 11 7 12 7 13 7 14 8 1 8 2 8 3 8 4 8 5 8 6 8 10 8 11 8 12 8 13 8 14 9 1 9 2 9 3 9 4 9 5 9 6 9 7 9 11 9 12 9 13 9 14 10 1 10 2 10 3 10 4 10 5 10 6 10 7 10 8 10 12 10 13 10 14 11 1 11 2 11 3 11 4 11 5 11 6 11 7 11 8 11 9 11 13 11 14 12 1 12 2 12 3 12 4 12 5 12 6 12 7 12 8 12 9 12 10 12 14 13 1 13 2 13 3 13 4 13 5 13 6 13 7 13 8 13 9 13 10 13 11 14 1 14 2 14 3 14 4 14 5 14 6 14 7 14 8 14 9 14 10 14 11 14 12
V
2 3 5
158 1 2 1 4 1 5 1 6 1 7 1 8 1 9 1 10 1 11 1 12 1 13 1 14 2 1 2 3 2 5 2 6 2 7 2 8 2 9 2 10 2 11 2 12 2 13 2 14 3 2 3 4 3 6 3 7 3 8 3 9 3 10 3 11 3 12 3 13 3 14 4 1 4 3 4 5 4 7 4 8 4 9 4 10 4 11 4 12 4 13 4 14 5 1 5 2 5 4 5 6 5 8 5 9 5 10 5 11 5 12 5 13 5 14 6 1 6 2 6 3 6 5 6 7 6 9 6 10 6 11 6 12 6 13 6 14 7 1 7 2 7 3 7 4 7 6 7 8 7 10 7 11 7 12 7 13 7 14 8 1 8 2 8 3 8 4 8 5 8 7 8 9 8 11 8 12 8 13 8 14 9 1 9 2 9 3 9 4 9 5 9 6 9 8 9 10 9 12 9 13 9 14 10 1 10 2 10 3 10 4 10 5 10 6 10 7 10 9 10 11 10 13 10 14 11 1 11 2 11 3 11 4 11 5 11 6 11 7 11 8 11 10 11 12 11 14 12 1 12 2 12 3 12 4 12 5 12 6 12 7 12 8 12 9 12 11 12 13 13 1 13 2 13 3 13 4 13 5 13 6 13 7 13 8 13 9 13 10 13 12 13 14 14 1 14 2 14 3 14 4 14 5 14 6 14 7 14 8 14 9 14 10 14 11 14 13
V
2 3 6
160 1 2 1 3 1 5 1 6 1 7 1 8 1 9 1 10 1 11 1 12 1 13 1 14 2 1 2 3 2 4 2 6 2 7 2 8 2 9 2 10 2 11 2 12 2 13 2 14 3 1 3 2 3 4 3 5 3 7 3 8 3 9 3 10 3 11 3 12 3 13 3 14 4 2 4 3 4 5 4 6 4 8 4 9 4 10 4 11 4 12 4 13 4 14 5 1 5 3 5 4 5 6 5 7 5 9 5 10 5 11 5 12 5 13 5 14 6 1 6 2 6 4 6 5 6 7 6 8 6 10 6 11 6 12 6 13 6 14 7 1 7 2 7 3 7 5 7 6 7 8 7 9 7 11 7 12 7 13 7 14 8 1 8 2 8 3 8 4 8 6 8 7 8 9 8 10 8 12 8 13 8 14 9 1 9 2 9 3 9 4 9 5 9 7 9 8 9 10 9 11 9 13 9 14 10 1 10 2 10 3 10 4 10 5 10 6 10 8 10 9 10 11 10 12 10 14 11 1 11 2 11 3 11 4 11 5 11 6 11 7 11 9 11 10 11 12 11 13 12 1 12 2 12 3 12 4 12 5 12 6 12 7 12 8 12 10 12 11 12 13 12 14 13 1 13 2 13 3 13 4 13 5 13 6 13 7 13 8 13 9 13 11 13 12 13 14 14 1 14 2 14 3 14 4 14 5 14 6 14 7 14 8 14 9 14 10 14 12 14 13
V
2 3 7
162 1 2 1 3 1 4 1 6 1 7 1 8 1 9 1 10 1 11 1 12 1 13 1 14 2 1 2 3 2 4 2 5 2 7 2 8 2 9 2 10 2 11 2 12 2 13 2 14 3 1 3 2 3 4 3 5 3 6 3 8 3 9 3 10 3 11 3 12 3 13 3 14 4 1 4 2 4 3 4 5 4 6 4 7 4 9 4 10 4 11 4 12 4 13 4 14 5 2 5 3 5 4 5 6 5 7 5 8 5 10 5 11 5 12 5 13 5 14 6 1 6 3 6 4 6 5 6 7 6 8 6 9 6 11 6 12 6 13 6 14 7 1 7 2 7 4 7 5 7 6 7 8 7 9 7 10 7 12 7 13 7 14 8 1 8 2 8 3 8 5 8 6 8 7 8 9 8 10 8 11 8 13 8 14 9 1 9 2 9 3 9 4 9 6 9 7 9 8 9 10 9 11 9 12 9 14 10 1 10 2 10 3 10 4 10 5 10 7 10 8 10 9 10 11 10 12 10 13 11 1 11 2 11 3 11 4 11 5 11 6 11 8 11 9 11 10 11 12 11 13 11 14 12 1 12 2 12 3 12 4 12 5 12 6 12 7 12 9 12 10 12 11 12 13 12 14 13 1 13 2 13 3 13 4 13 5 13 6 13 7 13 8 13 10 13 11 13 12 13 14 14 1 14 2 14 3 14 4 14 5 14 6 14 7 14 8 14 9 14 11 14 12 14 13
V
2 3 8
164 1 2 1 3 1 4 1 5 1 7 1 8 1 9 1 10 1 11 1 12 1 13 1 14 2 1 2 3 2 4 2 5 2 6 2 8 2 9 2 10 2 11 2 12 2 13 2 14 3 1 3 2 3 4 3 5 3 6 3 7 3 9 3 10 3 11 3 12 3 13 3 14 4 1 4 2 4 3 4 5 4 6 4 7 4 8 4 10 4 11 4 12 4 13 4 14 5 1 5 2 5 3 5 4 5 6 5 7 5 8 5 9 5 11 5 12 5 13 5 14 6 2 6 3 6 4 6 5 6 7 6 8 6 9 6 10 6 12 6 13 6 14 7 1 7 3 7 4 7 5 7 6 7 8 7 9 7 10 7 11 7 13 7 14 8 1 8 2 8 4 8 5 8 6 8 7 8 9 8 10 8 11 8 12 8 14 9 1 9 2 9 3 9 5 9 6 9 7 9 8 9 10 9 11 9 12 9 13 10 1 10 2 10 3 10 4 10 6 10 7 10 8 10 9 10 11 10 12 10 13 10 14 11 1 11 2 11 3 11 4 11 5 11 7 11 8 11 9 11 10 11 12 11 13 11 14 12 1 12 2 12 3 12 4 12 5 12 6 12 8 12 9 12 10 12 11 12 13 12 14 13 1 13 2 13 3 13 4 13 5 13 6 13 7 13 9 13 10 13 11 13 12 13 14 14 1 14 2 14 3 14 4 14 5 14 6 14 7 14 8 14 10 14 11 14 12 14 13
V
2 3 9
166 1 2 1 3 1 4 1 5 1 6 1 8 1 9 1 10 1 11 1 12 1 13 1 14 2 1 2 3 2 4 2 5 2 6 2 7 2 9 2 10 2 11 2 12 2 13 2 14 3 1 3 2 3 4 3 5 3 6 3 7 3 8 3 10 3 11 3 12 3 13 3 14 4 1 4 2 4 3 4 5 4 6 4 7 4 8 4 9 4 11 4 12 4 13 4 14 5 1 5 2 5 3 5 4 5 6 5 7 5 8 5 9 5 10 5 12 5 13 5 14 6 1 6 2 6 3 6 4 6 5 6 7 6 8 6 9 6 10 6 11 6 13 6 14 7 2 7 3 7 4 7 5 7 6 7 8 7 9 7 10 7 11 7 12 7 14 8 1 8 3 8 4 8 5 8 6 8 7 8 9 8 10 8 11 8 12 8 13 9 1 9 2 9 4 9 5 9 6 9 7 9 8 9 10 9 11 9 12 9 13 9 14 10 1 10 2 10 3 10 5 10 6 10 7 10 8 10 9 10 11 10 12 10 13 10 14 11 1 11 2 11 3 11 4 11 6 11 7 11 8 11 9 11 10 11 12 11 13 11 14 12 1 12 2 12 3 12 4 12 5 12 7 12 8 12 9 12 10 12 11 12 13 12 14 13 1 13 2 13 3 13 4 13 5 13 6 13 8 13 9 13 10 13 11 13 12 13 14 14 1 14 2 14 3 14 4 14 5 14 6 14 7 14 9 14 10 14 11 14 12 14 13
V
2 3 10
168 1 2 1 3 1 4 1 5 1 6 1 7 1 9 1 10 1 11 1 12 1 13 1 14 2 1 2 3 2 4 2 5 2 6 2 7 2 8 2 10 2 11 2 12 2 13 2 14 3 1 3 2 3 4 3 5 3 6 3 7 3 8 3 9 3 11 3 12 3 13 3 14 4 1 4 2 4 3 4 5 4 6 4 7 4 8 4 9 4 10 4 12 4 13 4 14 5 1 5 2 5 3 5 4 5 6 5 7 5 8 5 9 5 10 5 11 5 13 5 14 6 1 6 2 6 3 6 4 6 5 6 7 6 8 6 9 6 10 6 11 6 12 6 14 7 1 7 2 7 3 7 4 7 5 7 6 7 8 7 9 7 10 7 11 7 12 7 13 8 2 8 3 8 4 8 5 8 6 8 7 8 9 8 10 8 11 8 12 8 13 8 14 9 1 9 3 9 4 9 5 9 6 9 7 9 8 9 10 9 11 9 12 9 13 9 14 10 1 10 2 10 4 10 5 10 6 10 7 10 8 10 9 10 11 10 12 10 13 10 14 11 1 11 2 11 3 11 5 11 6 11 7 11 8 11 9 11 10 11 12 11 13 11 14 12 1 12 2 12 3 12 4 12 6 12 7 12 8 12 9 12 10 12 11 12 13 12 14 13 1 13 2 13 3 13 4 13 5 13 7 13 8 13 9 13 10 13 11 13 12 13 14 14 1 14 2 14 3 14 4 14 5 14 6 14 8 14 9 14 10 14 11 14 12 14 13
V
2 3 11
170 1 2 1 3 1 4 1 5 1 6 1 7 1 8 1 10 1 11 1 12 1 13 1 14 2 1 2 3 2 4 2 5 2 6 2 7 2 8 2 9 2 11 2 12 2 13 2 14 3 1 3 2 3 4 3 5 3 6 3 7 3 8 3 9 3 10 3 12 3 13 3 14 4 1 4 2 4 3 4 5 4 6 4 7 4 8 4 9 4 10 4 11 4 13 4 14 5 1 5 2 5 3 5 4 5 6 5 7 5 8 5 9 5 10 5 11 5 12 5 14 6 1 6 2 6 3 6 4 6 5 6 7 6 8 6 9 6 10 6 11 6 12 6 13 7 1 7 2 7 3 7 4 7 5 7 6 7 8 7 9 7 10 7 11 7 12 7 13 7 14 8 1 8 2 8 3 8 4 8 5 8 6 8 7 8 9 8 10 8 11 8 12 8 13 8 14 9 2 9 3 9 4 9 5 9 6 9 7 9 8 9 10 9 11 9 12 9 13 9 14 10 1 10 3 10 4 10 5 10 6 10 7 10 8 10 9 10 11 10 12 10 13 10 14 11 1 11 2 11 4 11 5 11 6 11 7 11 8 11 9 11 10 11 12 11 13 11 14 12 1 12 2 12 3 12 5 12 6 12 7 12 8 12 9 12 10 12 11 12 13 12 14 13 1 13 2 13 3 13 4 13 6 13 7 13 8 13 9 13 10 13 11 13 12 13 14 14 1 14 2 14 3 14 4 14 5 14 7 14 8 14 9 14 10 14 11 14 12 14 13
V
2 3 12
172 1 2 1 3 1 4 1 5 1 6 1 7 1 8 1 9 1 11 1 12 1 13 1 14 2 1 2 3 2 4 2 5 2 6 2 7 2 8 2 9 2 10 2 12 2 13 2 14 3 1 3 2 3 4 3 5 3 6 3 7 3 8 3 9 3 10 3 11 3 13 3 14 4 1 4 2 4 3 4 5 4 6 4 7 4 8 4 9 4 10 4 11 4 12 4 14 5 1 5 2 5 3 5 4 5 6 5 7 5 8 5 9 5 10 5 11 5 12 5 13 6 1 6 2 6 3 6 4 6 5 6 7 6 8 6 9 6 10 6 11 6 12 6 13 6 14 7 1 7 2 7 3 7 4 7 5 7 6 7 8 7 9 7 10 7 11 7 12 7 13 7 14 8 1 8 2 8 3 8 4 8 5 8 6 8 7 8 9 8 10 8 11 8 12 8 13 8 14 9 1 9 2 9 3 9 4 9 5 9 6 9 7 9 8 9 10 9 11 9 12 9 13 9 14 10 2 10 3 10 4 10 5 10 6 10 7 10 8 10 9 10 11 10 12 10 13 10 14 11 1 11 3 11 4 11 5 11 6 11 7 11 8 11 9 11 10 11 12 11 13 11 14 12 1 12 2 12 4 12 5 12 6 12 7 12 8 12 9 12 10 12 11 12 13 12 14 13 1 13 2 13 3 13 5 13 6 13 7 13 8 13 9 13 10 13 11 13 12 13 14 14 1 14 2 14 3 14 4 14 6 14 7 14 8 14 9 14 10 14 11 14 12 14 13
V
2 3 13
174 1 2 1 3 1 4 1 5 1 6 1 7 1 8 1 9 1 10 1 12 1 13 1 14 2 1 2 3 2 4 2 5 2 6 2 7 2 8 2 9 2 10 2 11 2 13 2 14 3 1 3 2 3 4 3 5 3 6 3 7 3 8 3 9 3 10 3 11 3 12 3 14 4 1 4 2 4 3 4 5 4 6 4 7 4 8 4 9 4 10 4 11 4 12 4 13 5 1 5 2 5 3 5 4 5 6 5 7 5 8 5 9 5 10 5 11 5 12 5 13 5 14 6 1 6 2 6 3 6 4 6 5 6 7 6 8 6 9 6 10 6 11 6 12 6 13 6 14 7 1 7 2 7 3 7 4 7 5 7 6 7 8 7 9 7 10 7 11 7 12 7 13 7 14 8 1 8 2 8 3 8 4 8 5 8 6 8 7 8 9 8 10 8 11 8 12 8 13 8 14 9 1 9 2 9 3 9 4 9 5 9 6 9 7 9 8 9 10 9 11 9 12 9 13 9 14 10 1 10 2 10 3 10 4 10 5 10 6 10 7 10 8 10 9 10 11 10 12 10 13 10 14 11 2 11 3 11 4 11 5 11 6 11 7 11 8 11 9 11 10 11 12 11 13 11 14 12 1 12 3 12 4 12 5 12 6 12 7 12 8 12 9 12 10 12 11 12 13 12 14 13 1 13 2 13 4 13 5 13 6 13 7 13 8 13 9 13 10 13 11 13 12 13 14 14 1 14 2 14 3 14 5 14 6 14 7 14 8 14 9 14 10 14 11 14 12 14 13
V
2 3 14
176 1 2 1 3 1 4 1 5 1 6 1 7 1 8 1 9 1 10 1 11 1 13 1 14 2 1 2 3 2 4 2 5 2 6 2 7 2 8 2 9 2 10 2 11 2 12 2 14 3 1 3 2 3 4 3 5 3 6 3 7 3 8 3 9 3 10 3 11 3 12 3 13 4 1 4 2 4 3 4 5 4 6 4 7 4 8 4 9 4 10 4 11 4 12 4 13 4 14 5 1 5 2 5 3 5 4 5 6 5 7 5 8 5 9 5 10 5 11 5 12 5 13 5 14 6 1 6 2 6 3 6 4 6 5 6 7 6 8 6 9 6 10 6 11 6 12 6 13 6 14 7 1 7 2 7 3 7 4 7 5 7 6 7 8 7 9 7 10 7 11 7 12 7 13 7 14 8 1 8 2 8 3 8 4 8 5 8 6 8 7 8 9 8 10 8 11 8 12 8 13 8 14 9 1 9 2 9 3 9 4 9 5 9 6 9 7 9 8 9 10 9 11 9 12 9 13 9 14 10 1 10 2 10 3 10 4 10 5 10 6 10 7 10 8 10 9 10 11 10 12 10 13 10 14 11 1 11 2 11 3 11 4 11 5 11 6 11 7 11 8 11 9 11 10 11 12 11 13 11 14 12 2 12 3 12 4 12 5 12 6 12 7 12 8 12 9 12 10 12 11 12 13 12 14 13 1 13 3 13 4 13 5 13 6 13 7 13 8 13 9 13 10 13 11 13 12 13 14 14 1 14 2 14 4 14 5 14 6 14 7 14 8 14 9 14 10 14 11 14 12 14 13
V
2 4 5
156 1 3 1 4 1 5 1 6 1 7 1 8 1 9 1 10 1 11 1 12 1 13 1 14 2 4 2 5 2 6 2 7 2 8 2 9 2 10 2 11 2 12 2 13 2 14 3 1 3 5 3 6 3 7 3 8 3 9 3 10 3 11 3 12 3 13 3 14 4 1 4 2 4 6 4 7 4 8 4 9 4 10 4 11 4 12 4 13 4 14 5 1 5 2 5 3 5 7 5 8 5 9 5 10 5 11 5 12 5 13 5 14 6 1 6 2 6 3 6 4 6 8 6 9 6 10 6 11 6 12 6 13 6 14 7 1 7 2 7 3 7 4 7 5 7 9 7 10 7 11 7 12 7 13 7 14 8 1 8 2 8 3 8 4 8 5 8 6 8 10 8 11 8 12 8 13 8 14 9 1 9 2 9 3 9 4 9 5 9 6 9 7 9 11 9 12 9 13 9 14 10 1 10 2 10 3 10 4 10 5 10 6 10 7 10 8 10 12 10 13 10 14 11 1 11 2 11 3 11 4 11 5 11 6 11 7 11 8 11 9 11 13 11 14 12 1 12 2 12 3 12 4 12 5 12 6 12 7 12 8 12 9 12 10 12 14 13 1 13 2 13 3 13 4 13 5 13 6 13 7 13 8 13 9 13 10 13 11 14 1 14 2 14 3 14 4 14 5 14 6 14 7 14 8 14 9 14 10 14 11 14 12
V
2 4 6
158 1 2 1 4 1 5 1 6 1 7 1 8 1 9 1 10 1 11 1 12 1 13 1 14 2 1 2 3 2 5 2 6 2 7 2 8 2 9 2 10 2 11 2 12 2 13 2 14 3 2 3 4 3 6 3 7 3 8 3 9 3 10 3 11 3 12 3 13 3 14 4 1 4 3 4 5 4 7 4 8 4 9 4 10 4 11 4 12 4 13 4 14 5 1 5 2 5 4 5 6 5 8 5 9 5 10 5 11 5 12 5 13 5 14 6 1 6 2 6 3 6 5 6 7 6 9 6 10 6 11 6 12 6 13 6 14 7 1 7 2 7 3 7 4 7 6 7 8 7 10 7 11 7 12 7 13 7 14 8 1 8 2 8 3 8 4 8 5 8 7 8 9 8 11 8 12 8 13 8 14 9 1 9 2 9 3 9 4 9 5 9 6 9 8 9 10 9 12 9 13 9 14 10 1 10 2 10 3 10 4 10 5 10 6 10 7 10 9 10 11 10 13 10 14 11 1 11 2 11 3 11 4 11 5 11 6 11 7 11 8 11 10 11 12 11 14 12 1 12 2 12 3 12 4 12 5 12 6 12 7 12 8 12 9 12 11 12 13 13 1 13 2 13 3 13 4 13 5 13 6 13 7 13 8 13 9 13 10 13 12 13 14 14 1 14 2 14 3 14 4 14 5 14 6 14 7 14 8 14 9 14 10 14 11 14 13
V
2 4 7
160 1 2 1 3 1 5 1 6 1 7 1 8 1 9 1 10 1 11 1 12 1 13 1 14 2 1 2 3 2 4 2 6 2 7 2 8 2 9 2 10 2 11 2 12 2 13 2 14 3 1 3 2 3 4 3 5 3 7 3 8 3 9 3 10 3 11 3 12 3 13 3 14 4 2 4 3 4 5 4 6 4 8 4 9 4 10 4 11 4 12 4 13 4 14 5 1 5 3 5 4 5 6 5 7 5 9 5 10 5 11 5 12 5 13 5 14 6 1 6 2 6 4 6 5 6 7 6 8 6 10 6 11 6 12 6 13 6 14 7 1 7 2 7 3 7 5 7 6 7 8 7 9 7 11 7 12 7 13 7 14 8 1 8 2 8 3 8 4 8 6 8 7 8 9 8 10 8 12 8 13 8 14 9 1 9 2 9 3 9 4 9 5 9 7 9 8 9 10 9 11 9 13 9 14 10 1 10 2 10 3 10 4 10 5 10 6 10 8 10 9 10 11 10 12 10 14 11 1 11 2 11 3 11 4 11 5 11 6 11 7 11 9 11 10 11 12 11 13 12 1 12 2 12 3 12 4 12 5 12 6 12 7 12 8 12 10 12 11 12 13 12 14 13 1 13 2 13 3 13 4 13 5 13 6 13 7 13 8 13 9 13 11 13 12 13 14 14 1 14 2 14 3 14 4 14 5 14 6 14 7 14 8 14 9 14 10 14 12 14 13
V
2 4 8
162 1 2 1 3 1 4 1 6 1 7 1 8 1 9 1 10 1 11 1 12 1 13 1 14 2 1 2 3 2 4 2 5 2 7 2 8 2 9 2 10 2 11 2 12 2 13 2 14 3 1 3 2 3 4 3 5 3 6 3 8 3 9 3 10 3 11 3 12 3 13 3 14 4 1 4 2 4 3 4 5 4 6 4 7 4 9 4 10 4 11 4 12 4 13 4 14 5 2 5 3 5 4 5 6 5 7 5 8 5 10 5 11 5 12 5 13 5 14 6 1 6 3 6 4 6 5 6 7 6 8 6 9 6 11 6 12 6 13 6 14 7 1 7 2 7 4 7 5 7 6 7 8 7 9 7 10 7 12 7 13 7 14 8 1 8 2 8 3 8 5 8 6 8 7 8 9 8 10 8 11 8 13 8 14 9 1 9 2 9 3 9 4 9 6 9 7 9 8 9 10 9 11 9 12 9 14 10 1 10 2 10 3 10 4 10 5 10 7 10 8 10 9 10 11 10 12 10 13 11 1 11 2 11 3 11 4 11 5 11 6 11 8 11 9 11 10 11 12 11 13 11 14 12 1 12 2 12 3 12 4 12 5 12 6 12 7 12 9 12 10 12 11 12 13 12 14 13 1 13 2 13 3 13 4 13 5 13 6 13 7 13 8 13 10 13 11 13 12 13 14 14 1 14 2 14 3 14 4 14 5 14 6 14 7 14 8 14 9 14 11 14 12 14 13
V
2 4 9
164 1 2 1 3 1 4 1 5 1 7 1 8 1 9 1 10 1 11 1 12 1 13 1 14 2 1 2 3 2 4 2 5 2 6 2 8 2 9 2 10 2 11 2 12 2 13 2 14 3 1 3 2 3 4 3 5 3 6 3 7 3 9 3 10 3 11 3 12 3 13 3 14 4 1 4 2 4 3 4 5 4 6 4 7 4 8 4 10 4 11 4 12 4 13 4 14 5 1 5 2 5 3 5 4 5 6 5 7 5 8 5 9 5 11 5 12 5 13 5 14 6 2 6 3 6 4 6 5 6 7 6 8 6 9 6 10 6 12 6 13 6 14 7 1 7 3 7 4 7 5 7 6 7 8 7 9 7 10 7 11 7 13 7 14 8 1 8 2 8 4 8 5 8 6 8 7 8 9 8 10 8 11 8 12 8 14 9 1 9 2 9 3 9 5 9 6 9 7 9 8 9 10 9 11 9 12 9 13 10 1 10 2 10 3 10 4 10 6 10 7 10 8 10 9 10 11 10 12 10 13 10 14 11 1 11 2 11 3 11 4 11 5 11 7 11 8 11 9 11 10 11 12 11 13 11 14 12 1 12 2 12 3 12 4 12 5 12 6 12 8 12 9 12 10 12 11 12 13 12 14 13 1 13 2 13 3 13 4 13 5 13 6 13 7 13 9 13 10 13 11 13 12 13 14 14 1 14 2 14 3 14 4 14 5 14 6 14 7 14 8 14 10 14 11 14 12 14 13
V
2 4 10
166 1 2 1 3 1 4 1 5 1 6 1 8 1 9 1 10 1 11 1 12 1 13 1 14 2 1 2 3 2 4 2 5 2 6 2 7 2 9 2 10 2 11 2 12 2 13 2 14 3 1 3 2 3 4 3 5 3 6 3 7 3 8 3 10 3 11 3 12 3 13 3 14 4 1 4 2 4 3 4 5 4 6 4 7 4 8 4 9 4 11 4 12 4 13 4 14 5 1 5 2 5 3 5 4 5 6 5 7 5 8 5 9 5 10 5 12 5 13 5 14 6 1 6 2 6 3 6 4 6 5 6 7 6 8 6 9 6 10 6 11 6 13 6 14 7 2 7 3 7 4 7 5 7 6 7 8 7 9 7 10 7 11 7 12 7 14 8 1 8 3 8 4 8 5 8 6 8 7 8 9 8 10 8 11 8 12 8 13 9 1 9 2 9 4 9 5 9 6 9 7 9 8 9 10 9 11 9 12 9 13 9 14 10 1 10 2 10 3 10 5 10 6 10 7 10 8 10 9 10 11 10 12 10 13 10 14 11 1 11 2 11 3 11 4 11 6 11 7 11 8 11 9 11 10 11 12 11 13 11 14 12 1 12 2 12 3 12 4 12 5 12 7 12 8 12 9 12 10 12 11 12 13 12 14 13 1 13 2 13 3 13 4 13 5 13 6 13 8 13 9 13 10 13 11 13 12 13 14 14 1 14 2 14 3 14 4 14 5 14 6 14 7 14 9 14 10 14 11 14 12 14 13
V
2 4 11
168 1 2 1 3 1 4 1 5 1 6 1 7 1 9 1 10 1 11 1 12 1 13 1 14 2 1 2 3 2 4 2 5 2 6 2 7 2 8 2 10 2 11 2 12 2 13 2 14 3 1 3 2 3 4 3 5 3 6 3 7 3 8 3 9 3 11 3 12 3 13 3 14 4 1 4 2 4 3 4 5 4 6 4 7 4 8 4 9 4 10 4 12 4 13 4 14 5 1 5 2 5 3 5 4 5 6 5 7 5 8 5 9 5 10 5 11 5 13 5 14 6 1 6 2 6 3 6 4 6 5 6 7 6 8 6 9 6 10 6 11 6 12 6 14 7 1 7 2 7 3 7 4 7 5 7 6 7 8 7 9 7 10 7 11 7 12 7 13 8 2 8 3 8 4 8 5 8 6 8 7 8 9 8 10 8 11 8 12 8 13 8 14 9 1 9 3 9 4 9 5 9 6 9 7 9 8 9 10 9 11 9 12 9 13 9 14 10 1 10 2 10 4 10 5 10 6 10 7 10 8 10 9 10 11 10 12 10 13 10 14 11 1 11 2 11 3 11 5 11 6 11 7 11 8 11 9 11 10 11 12 11 13 11 14 12 1 12 2 12 3 12 4 12 6 12 7 12 8 12 9 12 10 12 11 12 13 12 14 13 1 13 2 13 3 13 4 13 5 13 7 13 8 13 9 13 10 13 11 13 12 13 14 14 1 14 2 14 3 14 4 14 5 14 6 14 8 14 9 14 10 14 11 14 12 14 13
V
2 4 12
170 1 2 1 3 1 4 1 5 1 6 1 7 1 8 1 10 1 11 1 12 1 13 1 14 2 1 2 3 2 4 2 5 2 6 2 7 2 8 2 9 2 11 2 12 2 13 2 14 3 1 3 2 3 4 3 5 3 6 3 7 3 8 3 9 3 10 3 12 3 13 3 14 4 1 4 2 4 3 4 5 4 6 4 7 4 8 4 9 4 10 4 11 4 13 4 14 5 1 5 2 5 3 5 4 5 6 5 7 5 8 5 9 5 10 5 11 5 12 5 14 6 1 6 2 6 3 6 4 6 5 6 7 6 8 6 9 6 10 6 11 6 12 6 13 7 1 7 2 7 3 7 4 7 5 7 6 7 8 7 9 7 10 7 11 7 12 7 13 7 14 8 1 8 2 8 3 8 4 8 5 8 6 8 7 8 9 8 10 8 11 8 12 8 13 8 14 9 2 9 3 9 4 9 5 9 6 9 7 9 8 9 10 9 11 9 12 9 13 9 14 10 1 10 3 10 4 10 5 10 6 10 7 10 8 10 9 10 11 10 12 10 13 10 14 11 1 11 2 11 4 11 5 11 6 11 7 11 8 11 9 11 10 11 12 11 13 11 14 12 1 12 2 12 3 12 5 12 6 12 7 12 8 12 9 12 10 12 11 12 13 12 14 13 1 13 2 13 3 13 4 13 6 13 7 13 8 13 9 13 10 13 11 13 12 13 14 14 1 14 2 14 3 14 4 14 5 14 7 14 8 14 9 14 10 14 11 14 12 14 13
V
2 4 13
172 1 2 1 3 1 4 1 5 1 6 1 7 1 8 1 9 1 11 1 12 1 13 1 14 2 1 2 3 2 4 2 5 2 6 2 7 2 8 2 9 2 10 2 12 2 13 2 14 3 1 3 2 3 4 3 5 3 6 3 7 3 8 3 9 3 10 3 11 3 13 3 14 4 1 4 2 4 3 4 5 4 6 4 7 4 8 4 9 4 10 4 11 4 12 4 14 5 1 5 2 5 3 5 4 5 6 5 7 5 8 5 9 5 10 5 11 5 12 5 13 6 1 6 2 6 3 6 4 6 5 6 7 6 8 6 9 6 10 6 11 6 12 6 13 6 14 7 1 7 2 7 3 7 4 7 5 7 6 7 8 7 9 7 10 7 11 7 12 7 13 7 14 8 1 8 2 8 3 8 4 8 5 8 6 8 7 8 9 8 10 8 11 8 12 8 13 8 14 9 1 9 2 9 3 9 4 9 5 9 6 9 7 9 8 9 10 9 11 9 12 9 13 9 14 10 2 10 3 10 4 10 5 10 6 10 7 10 8 10 9 10 11 10 12 10 13 10 14 11 1 11 3 11 4 11 5 11 6 11 7 11 8 11 9 11 10 11 12 11 13 11 14 12 1 12 2 12 4 12 5 12 6 12 7 12 8 12 9 12 10 12 11 12 13 12 14 13 1 13 2 13 3 13 5 13 6 13 7 13 8 13 9 13 10 13 11 13 12 13 14 14 1 14 2 14 3 14 4 14 6 14 7 14 8 14 9 14 10 14 11 14 12 14 13
V
2 4 14
174 1 2 1 3 1 4 1 5 1 6 1 7 1 8 1 9 1 10 1 12 1 13 1 14 2 1 2 3 2 4 2 5 2 6 2 7 2 8 2 9 2 10 2 11 2 13 2 14 3 1 3 2 3 4 3 5 3 6 3 7 3 8 3 9 3 10 3 11 3 12 3 14 4 1 4 2 4 3 4 5 4 6 4 7 4 8 4 9 4 10 4 11 4 12 4 13 5 1 5 2 5 3 5 4 5 6 5 7 5 8 5 9 5 10 5 11 5 12 5 13 5 14 6 1 6 2 6 3 6 4 6 5 6 7 6 8 6 9 6 10 6 11 6 12 6 13 6 14 7 1 7 2 7 3 7 4 7 5 7 6 7 8 7 9 7 10 7 11 7 12 7 13 7 14 8 1 8 2 8 3 8 4 8 5 8 6 8 7 8 9 8 10 8 11 8 12 8 13 8 14 9 1 9 2 9 3 9 4 9 5 9 6 9 7 9 8 9 10 9 11 9 12 9 13 9 14 10 1 10 2 10 3 10 4 10 5 10 6 10 7 10 8 10 9 10 11 10 12 10 13 10 14 11 2 11 3 11 4 11 5 11 6 11 7 11 8 11 9 11 10 11 12 11 13 11 14 12 1 12 3 12 4 12 5 12 6 12 7 12 8 12 9 12 10 12 11 12 13 12 14 13 1 13 2 13 4 13 5 13 6 13 7 13 8 13 9 13 10 13 11 13 12 13 14 14 1 14 2 14 3 14 5 14 6 14 7 14 8 14 9 14 10 14 11 14 12 14 13
V
2 5 6
156 1 3 1 4 1 5 1 6 1 7 1 8 1 9 1 10 1 11 1 12 1 13 1 14 2 4 2 5 2 6 2 7 2 8 2 9 2 10 2 11 2 12 2 13 2 14 3 1 3 5 3 6 3 7 3 8 3 9 3 10 3 11 3 12 3 13 3 14 4 1 4 2 4 6 4 7 4 8 4 9 4 10 4 11 4 12 4 13 4 14 5 1 5 2 5 3 5 7 5 8 5 9 5 10 5 11 5 12 5 13 5 14 6 1 6 2 6 3 6 4 6 8 6 9 6 10 6 11 6 12 6 13 6 14 7 1 7 2 7 3 7 4 7 5 7 9 7 10 7 11 7 12 7 13 7 14 8 1 8 2 8 3 8 4 8 5 8 6 8 10 8 11 8 12 8 13 8 14 9 1 9 2 9 3 9 4 9 5 9 6 9 7 9 11 9 12 9 13 9 14 10 1 10 2 10 3 10 4 10 5 10 6 10 7 10 8 10 12 10 13 10 14 11 1 11 2 11 3 11 4 11 5 11 6 11 7 11 8 11 9 11 13 11 14 12 1 12 2 12 3 12 4 12 5 12 6 12 7 12 8 12 9 12 10 12 14 13 1 13 2 13 3 13 4 13 5 13 6 13 7 13 8 13 9 13 10 13 11 14 1 14 2 14 3 14 4 14 5 14 6 14 7 14 8 14 9 14 10 14 11 14 12
V
2 5 7
158 1 2 1 4 1 5 1 6 1 7 1 8 1 9 1 10 1 11 1 12 1 13 1 14 2 1 2 3 2 5 2 6 2 7 2 8 2 9 2 10 2 11 2 12 2 13 2 14 3 2 3 4 3 6 3 7 3 8 3 9 3 10 3 11 3 12 3 13 3 14 4 1 4 3 4 5 4 7 4 8 4 9 4 10 4 11 4 12 4 13 4 14 5 1 5 2 5 4 5 6 5 8 5 9 5 10 5 11 5 12 5 13 5 14 6 1 6 2 6 3 6 5 6 7 6 9 6 10 6 11 6 12 6 13 6 14 7 1 7 2 7 3 7 4 7 6 7 8 7 10 7 11 7 12 7 13 7 14 8 1 8 2 8 3 8 4 8 5 8 7 8 9 8 11 8 12 8 13 8 14 9 1 9 2 9 3 9 4 9 5 9 6 9 8 9 10 9 12 9 13 9 14 10 1 10 2 10 3 10 4 10 5 10 6 10 7 10 9 10 11 10 13 10 14 11 1 11 2 11 3 11 4 11 5 11 6 11 7 11 8 11 10 11 12 11 14 12 1 12 2 12 3 12 4 12 5 12 6 12 7 12 8 12 9 12 11 12 13 13 1 13 2 13 3 13 4 13 5 13 6 13 7 13 8 13 9 13 10 13 12 13 14 14 1 14 2 14 3 14 4 14 5 14 6 14 7 14 8 14 9 14 10 14 11 14 13
V
2 5 8
160 1 2 1 3 1 5 1 6 1 7 1 8 1 9 1 10 1 11 1 12 1 13 1 14 2 1 2 3 2 4 2 6 2 7 2 8 2 9 2 10 2 11 2 12 2 13 2 14 3 1 3 2 3 4 3 5 3 7 3 8 3 9 3 10 3 11 3 12 3 13 3 14 4 2 4 3 4 5 4 6 4 8 4 9 4 10 4 11 4 12 4 13 4 14 5 1 5 3 5 4 5 6 5 7 5 9 5 10 5 11 5 12 5 13 5 14 6 1 6 2 6 4 6 5 6 7 6 8 6 10 6 11 6 12 6 13 6 14 7 1 7 2 7 3 7 5 7 6 7 8 7 9 7 11 7 12 7 13 7 14 8 1 8 2 8 3 8 4 8 6 8 7 8 9 8 10 8 12 8 13 8 14 9 1 9 2 9 3 9 4 9 5 9 7 9 8 9 10 9 11 9 13 9 14 10 1 10 2 10 3 10 4 10 5 10 6 10 8 10 9 10 11 10 12 10 14 11 1 11 2 11 3 11 4 11 5 11 6 11 7 11 9 11 10 11 12 11 13 12 1 12 2 12 3 12 4 12 5 12 6 12 7 12 8 12 10 12 11 12 13 12 14 13 1 13 2 13 3 13 4 13 5 13 6 13 7 13 8 13 9 13 11 13 12 13 14 14 1 14 2 14 3 14 4 14 5 14 6 14 7 14 8 14 9 14 10 14 12 14 13
V
2 5 9
162 1 2 1 3 1 4 1 6 1 7 1 8 1 9 1 10 1 11 1 12 1 13 1 14 2 1 2 3 2 4 2 5 2 7 2 8 2 9 2 10 2 11 2 12 2 13 2 14 3 1 3 2 3 4 3 5 3 6 3 8 3 9 3 10 3 11 3 12 3 13 3 14 4 1 4 2 4 3 4 5 4 6 4 7 4 9 4 10 4 11 4 12 4 13 4 14 5 2 5 3 5 4 5 6 5 7 5 8 5 10 5 11 5 12 5 13 5 14 6 1 6 3 6 4 6 5 6 7 6 8 6 9 6 11 6 12 6 13 6 14 7 1 7 2 7 4 7 5 7 6 7 8 7 9 7 10 7 12 7 13 7 14 8 1 8 2 8 3 8 5 8 6 8 7 8 9 8 10 8 11 8 13 8 14 9 1 9 2 9 3 9 4 9 6 9 7 9 8 9 10 9 11 9 12 9 14 10 1 10 2 10 3 10 4 10 5 10 7 10 8 10 9 10 11 10 12 10 13 11 1 11 2 11 3 11 4 11 5 11 6 11 8 11 9 11 10 11 12 11 13 11 14 12 1 12 2 12 3 12 4 12 5 12 6 12 7 12 9 12 10 12 11 12 13 12 14 13 1 13 2 13 3 13 4 13 5 13 6 13 7 13 8 13 10 13 11 13 12 13 14 14 1 14 2 14 3 14 4 14 5 14 6 14 7 14 8 14 9 14 11 14 12 14 13
V
2 5 10
164 1 2 1 3 1 4 1 5 1 7 1 8 1 9 1 10 1 11 1 12 1 13 1 14 2 1 2 3 2 4 2 5 2 6 2 8 2 9 2 10 2 11 2 12 2 13 2 14 3 1 3 2 3 4 3 5 3 6 3 7 3 9 3 10 3 11 3 12 3 13 3 14 4 1 4 2 4 3 4 5 4 6 4 7 4 8 4 10 4 11 4 12 4 13 4 14 5 1 5 2 5 3 5 4 5 6 5 7 5 8 5 9 5 11 5 12 5 13 5 14 6 2 6 3 6 4 6 5 6 7 6 8 6 9 6 10 6 12 6 13 6 14 7 1 7 3 7 4 7 5 7 6 7 8 7 9 7 10 7 11 7 13 7 14 8 1 8 2 8 4 8 5 8 6 8 7 8 9 8 10 8 11 8 12 8 14 9 1 9 2 9 3 9 5 9 6 9 7 9 8 9 10 9 11 9 12 9 13 10 1 10 2 10 3 10 4 10 6 10 7 10 8 10 9 10 11 10 12 10 13 10 14 11 1 11 2 11 3 11 4 11 5 11 7 11 8 11 9 11 10 11 12 11 13 11 14 12 1 12 2 12 3 12 4 12 5 12 6 12 8 12 9 12 10 12 11 12 13 12 14 13 1 13 2 13 3 13 4 13 5 13 6 13 7 13 9 13 10 13 11 13 12 13 14 14 1 14 2 14 3 14 4 14 5 14 6 14 7 14 8 14 10 14 11 14 12 14 13
V
2 5 11
166 1 2 1 3 1 4 1 5 1 6 1 8 1 9 1 10 1 11 1 12 1 13 1 14 2 1 2 3 2 4 2 5 2 6 2 7 2 9 2 10 2 11 2 12 2 13 2 14 3 1 3 2 3 4 3 5 3 6 3 7 3 8 3 10 3 11 3 12 3 13 3 14 4 1 4 2 4 3 4 5 4 6 4 7 4 8 4 9 4 11 4 12 4 13 4 14 5 1 5 2 5 3 5 4 5 6 5 7 5 8 5 9 5 10 5 12 5 13 5 14 6 1 6 2 6 3 6 4 6 5 6 7 6 8 6 9 6 10 6 11 6 13 6 14 7 2 7 3 7 4 7 5 7 6 7 8 7 9 7 10 7 11 7 12 7 14 8 1 8 3 8 4 8 5 8 6 8 7 8 9 8 10 8 11 8 12 8 13 9 1 9 2 9 4 9 5 9 6 9 7 9 8 9 10 9 11 9 12 9 13 9 14 10 1 10 2 10 3 10 5 10 6 10 7 10 8 10 9 10 11 10 12 10 13 10 14 11 1 11 2 11 3 11 4 11 6 11 7 11 8 11 9 11 10 11 12 11 13 11 14 12 1 12 2 12 3 12 4 12 5 12 7 12 8 12 9 12 10 12 11 12 13 12 14 13 1 13 2 13 3 13 4 13 5 13 6 13 8 13 9 13 10 13 11 13 12 13 14 14 1 14 2 14 3 14 4 14 5 14 6 14 7 14 9 14 10 14 11 14 12 14 13
V
2 5 12
168 1 2 1 3 1 4 1 5 1 6 1 7 1 9 1 10 1 11 1 12 1 13 1 14 2 1 2 3 2 4 2 5 2 6 2 7 2 8 2 10 2 11 2 12 2 13 2 14 3 1 3 2 3 4 3 5 3 6 3 7 3 8 3 9 3 11 3 12 3 13 3 14 4 1 4 2 4 3 4 5 4 6 4 7 4 8 4 9 4 10 4 12 4 13 4 14 5 1 5 2 5 3 5 4 5 6 5 7 5 8 5 9 5 10 5 11 5 13 5 14 6 1 6 2 6 3 6 4 6 5 6 7 6 8 6 9 6 10 6 11 6 12 6 14 7 1 7 2 7 3 7 4 7 5 7 6 7 8 7 9 7 10 7 11 7 12 7 13 8 2 8 3 8 4 8 5 8 6 8 7 8 9 8 10 8 11 8 12 8 13 8 14 9 1 9 3 9 4 9 5 9 6 9 7 9 8 9 10 9 11 9 12 9 13 9 14 10 1 10 2 10 4 10 5 10 6 10 7 10 8 10 9 10 11 10 12 10 13 10 14 11 1 11 2 11 3 11 5 11 6 11 7 11 8 11 9 11 10 11 12 11 13 11 14 12 1 12 2 12 3 12 4 12 6 12 7 12 8 12 9 12 10 12 11 12 13 12 14 13 1 13 2 13 3 13 4 13 5 13 7 13 8 13 9 13 10 13 11 13 12 13 14 14 1 14 2 14 3 14 4 14 5 14 6 14 8 14 9 14 10 14 11 14 12 14 13
V
2 5 13
170 1 2 1 3 1 4 1 5 1 6 1 7 1 8 1 10 1 11 1 12 1 13 1 14 2 1 2 3 2 4 2 5 2 6 2 7 2 8 2 9 2 11 2 12 2 13 2 14 3 1 3 2 3 4 3 5 3 6 3 7 3 8 3 9 3 10 3 12 3 13 3 14 4 1 4 2 4 3 4 5 4 6 4 7 4 8 4 9 4 10 4 11 4 13 4 14 5 1 5 2 5 3 5 4 5 6 5 7 5 8 5 9 5 10 5 11 5 12 5 14 6 1 6 2 6 3 6 4 6 5 6 7 6 8 6 9 6 10 6 11 6 12 6 13 7 1 7 2 7 3 7 4 7 5 7 6 7 8 7 9 7 10 7 11 7 12 7 13 7 14 8 1 8 2 8 3 8 4 8 5 8 6 8 7 8 9 8 10 8 11 8 12 8 13 8 14 9 2 9 3 9 4 9 5 9 6 9 7 9 8 9 10 9 11 9 12 9 13 9 14 10 1 10 3 10 4 10 5 10 6 10 7 10 8 10 9 10 11 10 12 10 13 10 14 11 1 11 2 11 4 11 5 11 6 11 7 11 8 11 9 11 10 11 12 11 13 11 14 12 1 12 2 12 3 12 5 12 6 12 7 12 8 12 9 12 10 12 11 12 13 12 14 13 1 13 2 13 3 13 4 13 6 13 7 13 8 13 9 13 10 13 11 13 12 13 14 14 1 14 2 14 3 14 4 14 5 14 7 14 8 14 9 14 10 14 11 14 12 14 13
V
2 5 14
172 1 2 1 3 1 4 1 5 1 6 1 7 1 8 1 9 1 11 1 12 1 13 1 14 2 1 2 3 2 4 2 5 2 6 2 7 2 8 2 9 2 10 2 12 2 13 2 14 3 1 3 2 3 4 3 5 3 6 3 7 3 8 3 9 3 10 3 11 3 13 3 14 4 1 4 2 4 3 4 5 4 6 4 7 4 8 4 9 4 10 4 11 4 12 4 14 5 1 5 2 5 3 5 4 5 6 5 7 5 8 5 9 5 10 5 11 5 12 5 13 6 1 6 2 6 3 6 4 6 5 6 7 6 8 6 9 6 10 6 11 6 12 6 13 6 14 7 1 7 2 7 3 7 4 7 5 7 6 7 8 7 9 7 10 7 11 7 12 7 13 7 14 8 1 8 2 8 3 8 4 8 5 8 6 8 7 8 9 8 10 8 11 8 12 8 13 8 14 9 1 9 2 9 3 9 4 9 5 9 6 9 7 9 8 9 10 9 11 9 12 9 13 9 14 10 2 10 3 10 4 10 5 10 6 10 7 10 8 10 9 10 11 10 12 10 13 10 14 11 1 11 3 11 4 11 5 11 6 11 7 11 8 11 9 11 10 11 12 11 13 11 14 12 1 12 2 12 4 12 5 12 6 12 7 12 8 12 9 12 10 12 11 12 13 12 14 13 1 13 2 13 3 13 5 13 6 13 7 13 8 13 9 13 10 13 11 13 12 13 14 14 1 14 2 14 3 14 4 14 6 14 7 14 8 14 9 14 10 14 11 14 12 14 13
V
2 6 7
156 1 3 1 4 1 5 1 6 1 7 1 8 1 9 1 10 1 11 1 12 1 13 1 14 2 4 2 5 2 6 2 7 2 8 2 9 2 10 2 11 2 12 2 13 2 14 3 1 3 5 3 6 3 7 3 8 3 9 3 10 3 11 3 12 3 13 3 14 4 1 4 2 4 6 4 7 4 8 4 9 4 10 4 11 4 12 4 13 4 14 5 1 5 2 5 3 5 7 5 8 5 9 5 10 5 11 5 12 5 13 5 14 6 1 6 2 6 3 6 4 6 8 6 9 6 10 6 11 6 12 6 13 6 14 7 1 7 2 7 3 7 4 7 5 7 9 7 10 7 11 7 12 7 13 7 14 8 1 8 2 8 3 8 4 8 5 8 6 8 10 8 11 8 12 8 13 8 14 9 1 9 2 9 3 9 4 9 5 9 6 9 7 9 11 9 12 9 13 9 14 10 1 10 2 10 3 10 4 10 5 10 6 10 7 10 8 10 12 10 13 10 14 11 1 11 2 11 3 11 4 11 5 11 6 11 7 11 8 11 9 11 13 11 14 12 1 12 2 12 3 12 4 12 5 12 6 12 7 12 8 12 9 12 10 12 14 13 1 13 2 13 3 13 4 13 5 13 6 13 7 13 8 13 9 13 10 13 11 14 1 14 2 14 3 14 4 14 5 14 6 14 7 14 8 14 9 14 10 14 11 14 12
V
2 6 8
158 1 2 1 4 1 5 1 6 1 7 1 8 1 9 1 10 1 11 1 12 1 13 1 14 2 1 2 3 2 5 2 6 2 7 2 8 2 9 2 10 2 11 2 12 2 13 2 14 3 2 3 4 3 6 3 7 3 8 3 9 3 10 3 11 3 12 3 13 3 14 4 1 4 3 4 5 4 7 4 8 4 9 4 10 4 11 4 12 4 13 4 14 5 1 5 2 5 4 5 6 5 8 5 9 5 10 5 11 5 12 5 13 5 14 6 1 6 2 6 3 6 5 6 7 6 9 6 10 6 11 6 12 6 13 6 14 7 1 7 2 7 3 7 4 7 6 7 8 7 10 7 11 7 12 7 13 7 14 8 1 8 2 8 3 8 4 8 5 8 7 8 9 8 11 8 12 8 13 8 14 9 1 9 2 9 3 9 4 9 5 9 6 9 8 9 10 9 12 9 13 9 14 10 1 10 2 10 3 10 4 10 5 10 6 10 7 10 9 10 11 10 13 10 14 11 1 11 2 11 3 11 4 11 5 11 6 11 7 11 8 11 10 11 12 11 14 12 1 12 2 12 3 12 4 12 5 12 6 12 7 12 8 12 9 12 11 12 13 13 1 13 2 13 3 13 4 13 5 13 6 13 7 13 8 13 9 13 10 13 12 13 14 14 1 14 2 14 3 14 4 14 5 14 6 14 7 14 8 14 9 14 10 14 11 14 13
V
2 6 9
160 1 2 1 3 1 5 1 6 1 7 1 8 1 9 1 10 1 11 1 12 1 13 1 14 2 1 2 3 2 4 2 6 2 7 2 8 2 9 2 10 2 11 2 12 2 13 2 14 3 1 3 2 3 4 3 5 3 7 3 8 3 9 3 10 3 11 3 12 3 13 3 14 4 2 4 3 4 5 4 6 4 8 4 9 4 10 4 11 4 12 4 13 4 14 5 1 5 3 5 4 5 6 5 7 5 9 5 10 5 11 5 12 5 13 5 14 6 1 6 2 6 4 6 5 6 7 6 8 6 10 6 11 6 12 6 13 6 14 7 1 7 2 7 3 7 5 7 6 7 8 7 9 7 11 7 12 7 13 7 14 8 1 8 2 8 3 8 4 8 6 8 7 8 9 8 10 8 12 8 13 8 14 9 1 9 2 9 3 9 4 9 5 9 7 9 8 9 10 9 11 9 13 9 14 10 1 10 2 10 3 10 4 10 5 10 6 10 8 10 9 10 11 10 12 10 14 11 1 11 2 11 3 11 4 11 5 11 6 11 7 11 9 11 10 11 12 11 13 12 1 12 2 12 3 12 4 12 5 12 6 12 7 12 8 12 10 12 11 12 13 12 14 13 1 13 2 13 3 13 4 13 5 13 6 13 7 13 8 13 9 13 11 13 12 13 14 14 1 14 2 14 3 14 4 14 5 14 6 14 7 14 8 14 9 14 10 14 12 14 13
V
2 6 10
162 1 2 1 3 1 4 1 6 1 7 1 8 1 9 1 10 1 11 1 12 1 13 1 14 2 1 2 3 2 4 2 5 2 7 2 8 2 9 2 10 2 11 2 12 2 13 2 14 3 1 3 2 3 4 3 5 3 6 3 8 3 9 3 10 3 11 3 12 3 13 3 14 4 1 4 2 4 3 4 5 4 6 4 7 4 9 4 10 4 11 4 12 4 13 4 14 5 2 5 3 5 4 5 6 5 7 5 8 5 10 5 11 5 12 5 13 5 14 6 1 6 3 6 4 6 5 6 7 6 8 6 9 6 11 6 12 6 13 6 14 7 1 7 2 7 4 7 5 7 6 7 8 7 9 7 10 7 12 7 13 7 14 8 1 8 2 8 3 8 5 8 6 8 7 8 9 8 10 8 11 8 13 8 14 9 1 9 2 9 3 9 4 9 6 9 7 9 8 9 10 9 11 9 12 9 14 10 1 10 2 10 3 10 4 10 5 10 7 10 8 10 9 10 11 10 12 10 13 11 1 11 2 11 3 11 4 11 5 11 6 11 8 11 9 11 10 11 12 11 13 11 14 12 1 12 2 12 3 12 4 12 5 12 6 12 7 12 9 12 10 12 11 12 13 12 14 13 1 13 2 13 3 13 4 13 5 13 6 13 7 13 8 13 10 13 11 13 12 13 14 14 1 14 2 14 3 14 4 14 5 14 6 14 7 14 8 14 9 14 11 14 12 14 13
V
2 6 11
164 1 2 1 3 1 4 1 5 1 7 1 8 1 9 1 10 1 11 1 12 1 13 1 14 2 1 2 3 2 4 2 5 2 6 2 8 2 9 2 10 2 11 2 12 2 13 2 14 3 1 3 2 3 4 3 5 3 6 3 7 3 9 3 10 3 11 3 12 3 13 3 14 4 1 4 2 4 3 4 5 4 6 4 7 4 8 4 10 4 11 4 12 4 13 4 14 5 1 5 2 5 3 5 4 5 6 5 7 5 8 5 9 5 11 5 12 5 13 5 14 6 2 6 3 6 4 6 5 6 7 6 8 6 9 6 10 6 12 6 13 6 14 7 1 7 3 7 4 7 5 7 6 7 8 7 9 7 10 7 11 7 13 7 14 8 1 8 2 8 4 8 5 8 6 8 7 8 9 8 10 8 11 8 12 8 14 9 1 9 2 9 3 9 5 9 6 9 7 9 8 9 10 9 11 9 12 9 13 10 1 10 2 10 3 10 4 10 6 10 7 10 8 10 9 10 11 10 12 10 13 10 14 11 1 11 2 11 3 11 4 11 5 11 7 11 8 11 9 11 10 11 12 11 13 11 14 12 1 12 2 12 3 12 4 12 5 12 6 12 8 12 9 12 10 12 11 12 13 12 14 13 1 13 2 13 3 13 4 13 5 13 6 13 7 13 9 13 10 13 11 13 12 13 14 14 1 14 2 14 3 14 4 14 5 14 6 14 7 14 8 14 10 14 11 14 12 14 13
V
2 6 12
166 1 2 1 3 1 4 1 5 1 6 1 8 1 9 1 10 1 11 1 12 1 13 1 14 2 1 2 3 2 4 2 5 2 6 2 7 2 9 2 10 2 11 2 12 2 13 2 14 3 1 3 2 3 4 3 5 3 6 3 7 3 8 3 10 3 11 3 12 3 13 3 14 4 1 4 2 4 3 4 5 4 6 4 7 4 8 4 9 4 11 4 12 4 13 4 14 5 1 5 2 5 3 5 4 5 6 5 7 5 8 5 9 5 10 5 12 5 13 5 14 6 1 6 2 6 3 6 4 6 5 6 7 6 8 6 9 6 10 6 11 6 13 6 14 7 2 7 3 7 4 7 5 7 6 7 8 7 9 7 10 7 11 7 12 7 14 8 1 8 3 8 4 8 5 8 6 8 7 8 9 8 10 8 11 8 12 8 13 9 1 9 2 9 4 9 5 9 6 9 7 9 8 9 10 9 11 9 12 9 13 9 14 10 1 10 2 10 3 10 5 10 6 10 7 10 8 10 9 10 11 10 12 10 13 10 14 11 1 11 2 11 3 11 4 11 6 11 7 11 8 11 9 11 10 11 12 11 13 11 14 12 1 12 2 12 3 12 4 12 5 12 7 12 8 12 9 12 10 12 11 12 13 12 14 13 1 13 2 13 3 13 4 13 5 13 6 13 8 13 9 13 10 13 11 13 12 13 14 14 1 14 2 14 3 14 4 14 5 14 6 14 7 14 9 14 10 14 11 14 12 14 13
V
2 6 13
168 1 2 1 3 1 4 1 5 1 6 1 7 1 9 1 10 1 11 1 12 1 13 1 14 2 1 2 3 2 4 2 5 2 6 2 7 2 8 2 10 2 11 2 12 2 13 2 14 3 1 3 2 3 4 3 5 3 6 3 7 3 8 3 9 3 11 3 12 3 13 3 14 4 1 4 2 4 3 4 5 4 6 4 7 4 8 4 9 4 10 4 12 4 13 4 14 5 1 5 2 5 3 5 4 5 6 5 7 5 8 5 9 5 10 5 11 5 13 5 14 6 1 6 2 6 3 6 4 6 5 6 7 6 8 6 9 6 10 6 11 6 12 6 14 7 1 7 2 7 3 7 4 7 5 7 6 7 8 7 9 7 10 7 11 7 12 7 13 8 2 8 3 8 4 8 5 8 6 8 7 8 9 8 10 8 11 8 12 8 13 8 14 9 1 9 3 9 4 9 5 9 6 9 7 9 8 9 10 9 11 9 12 9 13 9 14 10 1 10 2 10 4 10 5 10 6 10 7 10 8 10 9 10 11 10 12 10 13 10 14 11 1 11 2 11 3 11 5 11 6 11 7 11 8 11 9 11 10 11 12 11 13 11 14 12 1 12 2 12 3 12 4 12 6 12 7 12 8 12 9 12 10 12 11 12 13 12 14 13 1 13 2 13 3 13 4 13 5 13 7 13 8 13 9 13 10 13 11 13 12 13 14 14 1 14 2 14 3 14 4 14 5 14 6 14 8 14 9 14 10 14 11 14 12 14 13
V
2 6 14
170 1 2 1 3 1 4 1 5 1 6 1 7 1 8 1 10 1 11 1 12 1 13 1 14 2 1 2 3 2 4 2 5 2 6 2 7 2 8 2 9 2 11 2 12 2 13 2 14 3 1 3 2 3 4 3 5 3 6 3 7 3 8 3 9 3 10 3 12 3 13 3 14 4 1 4 2 4 3 4 5 4 6 4 7 4 8 4 9 4 10 4 11 4 13 4 14 5 1 5 2 5 3 5 4 5 6 5 7 5 8 5 9 5 10 5 11 5 12 5 14 6 1 6 2 6 3 6 4 6 5 6 7 6 8 6 9 6 10 6 11 6 12 6 13 7 1 7 2 7 3 7 4 7 5 7 6 7 8 7 9 7 10 7 11 7 12 7 13 7 14 8 1 8 2 8 3 8 4 8 5 8 6 8 7 8 9 8 10 8 11 8 12 8 13 8 14 9 2 9 3 9 4 9 5 9 6 9 7 9 8 9 10 9 11 9 12 9 13 9 14 10 1 10 3 10 4 10 5 10 6 10 7 10 8 10 9 10 11 10 12 10 13 10 14 11 1 11 2 11 4 11 5 11 6 11 7 11 8 11 9 11 10 11 12 11 13 11 14 12 1 12 2 12 3 12 5 12 6 12 7 12 8 12 9 12 10 12 11 12 13 12 14 13 1 13 2 13 3 13 4 13 6 13 7 13 8 13 9 13 10 13 11 13 12 13 14 14 1 14 2 14 3 14 4 14 5 14 7 14 8 14 9 14 10 14 11 14 12 14 13
V
2 7 8
156 1 3 1 4 1 5 1 6 1 7 1 8 1 9 1 10 1 11 1 12 1 13 1 14 2 4 2 5 2 6 2 7 2 8 2 9 2 10 2 11 2 12 2 13 2 14 3 1 3 5 3 6 3 7 3 8 3 9 3 10 3 11 3 12 3 13 3 14 4 1 4 2 4 6 4 7 4 8 4 9 4 10 4 11 4 12 4 13 4 14 5 1 5 2 5 3 5 7 5 8 5 9 5 10 5 11 5 12 5 13 5 14 6 1 6 2 6 3 6 4 6 8 6 9 6 10 6 11 6 12 6 13 6 14 7 1 7 2 7 3 7 4 7 5 7 9 7 10 7 11 7 12 7 13 7 14 8 1 8 2 8 3 8 4 8 5 8 6 8 10 8 11 8 12 8 13 8 14 9 1 9 2 9 3 9 4 9 5 9 6 9 7 9 11 9 12 9 13 9 14 10 1 10 2 10 3 10 4 10 5 10 6 10 7 10 8 10 12 10 13 10 14 11 1 11 2 11 3 11 4 11 5 11 6 11 7 11 8 11 9 11 13 11 14 12 1 12 2 12 3 12 4 12 5 12 6 12 7 12 8 12 9 12 10 12 14 13 1 13 2 13 3 13 4 13 5 13 6 13 7 13 8 13 9 13 10 13 11 14 1 14 2 14 3 14 4 14 5 14 6 14 7 14 8 14 9 14 10 14 11 14 12
V
2 7 9
158 1 2 1 4 1 5 1 6 1 7 1 8 1 9 1 10 1 11 1 12 1 13 1 14 2 1 2 3 2 5 2 6 2 7 2 8 2 9 2 10 2 11 2 12 2 13 2 14 3 2 3 4 3 6 3 7 3 8 3 9 3 10 3 11 3 12 3 13 3 14 4 1 4 3 4 5 4 7 4 8 4 9 4 10 4 11 4 12 4 13 4 14 5 1 5 2 5 4 5 6 5 8 5 9 5 10 5 11 5 12 5 13 5 14 6 1 6 2 6 3 6 5 6 7 6 9 6 10 6 11 6 12 6 13 6 14 7 1 7 2 7 3 7 4 7 6 7 8 7 10 7 11 7 12 7 13 7 14 8 1 8 2 8 3 8 4 8 5 8 7 8 9 8 11 8 12 8 13 8 14 9 1 9 2 9 3 9 4 9 5 9 6 9 8 9 10 9 12 9 13 9 14 10 1 10 2 10 3 10 4 10 5 10 6 10 7 10 9 10 11 10 13 10 14 11 1 11 2 11 3 11 4 11 5 11 6 11 7 11 8 11 10 11 12 11 14 12 1 12 2 12 3 12 4 12 5 12 6 12 7 12 8 12 9 12 11 12 13 13 1 13 2 13 3 13 4 13 5 13 6 13 7 13 8 13 9 13 10 13 12 13 14 14 1 14 2 14 3 14 4 14 5 14 6 14 7 14 8 14 9 14 10 14 11 14 13
V
2 7 10
160 1 2 1 3 1 5 1 6 1 7 1 8 1 9 1 10 1 11 1 12 1 13 1 14 2 1 2 3 2 4 2 6 2 7 2 8 2 9 2 10 2 11 2 12 2 13 2 14 3 1 3 2 3 4 3 5 3 7 3 8 3 9 3 10 3 11 3 12 3 13 3 14 4 2 4 3 4 5 4 6 4 8 4 9 4 10 4 11 4 12 4 13 4 14 5 1 5 3 5 4 5 6 5 7 5 9 5 10 5 11 5 12 5 13 5 14 6 1 6 2 6 4 6 5 6 7 6 8 6 10 6 11 6 12 6 13 6 14 7 1 7 2 7 3 7 5 7 6 7 8 7 9 7 11 7 12 7 13 7 14 8 1 8 2 8 3 8 4 8 6 8 7 8 9 8 10 8 12 8 13 8 14 9 1 9 2 9 3 9 4 9 5 9 7 9 8 9 10 9 11 9 13 9 14 10 1 10 2 10 3 10 4 10 5 10 6 10 8 10 9 10 11 10 12 10 14 11 1 11 2 11 3 11 4 11 5 11 6 11 7 11 9 11 10 11 12 11 13 12 1 12 2 12 3 12 4 12 5 12 6 12 7 12 8 12 10 12 11 12 13 12 14 13 1 13 2 13 3 13 4 13 5 13 6 13 7 13 8 13 9 13 11 13 12 13 14 14 1 14 2 14 3 14 4 14 5 14 6 14 7 14 8 14 9 14 10 14 12 14 13
V
2 7 11
162 1 2 1 3 1 4 1 6 1 7 1 8 1 9 1 10 1 11 1 12 1 13 1 14 2 1 2 3 2 4 2 5 2 7 2 8 2 9 2 10 2 11 2 12 2 13 2 14 3 1 3 2 3 4 3 5 3 6 3 8 3 9 3 10 3 11 3 12 3 13 3 14 4 1 4 2 4 3 4 5 4 6 4 7 4 9 4 10 4 11 4 12 4 13 4 14 5 2 5 3 5 4 5 6 5 7 5 8 5 10 5 11 5 12 5 13 5 14 6 1 6 3 6 4 6 5 6 7 6 8 6 9 6 11 6 12 6 13 6 14 7 1 7 2 7 4 7 5 7 6 7 8 7 9 7 10 7 12 7 13 7 14 8 1 8 2 8 3 8 5 8 6 8 7 8 9 8 10 8 11 8 13 8 14 9 1 9 2 9 3 9 4 9 6 9 7 9 8 9 10 9 11 9 12 9 14 10 1 10 2 10 3 10 4 10 5 10 7 10 8 10 9 10 11 10 12 10 13 11 1 11 2 11 3 11 4 11 5 11 6 11 8 11 9 11 10 11 12 11 13 11 14 12 1 12 2 12 3 12 4 12 5 12 6 12 7 12 9 12 10 12 11 12 13 12 14 13 1 13 2 13 3 13 4 13 5 13 6 13 7 13 8 13 10 13 11 13 12 13 14 14 1 14 2 14 3 14 4 14 5 14 6 14 7 14 8 14 9 14 11 14 12 14 13
V
2 7 12
164 1 2 1 3 1 4 1 5 1 7 1 8 1 9 1 10 1 11 1 12 1 13 1 14 2 1 2 3 2 4 2 5 2 6 2 8 2 9 2 10 2 11 2 12 2 13 2 14 3 1 3 2 3 4 3 5 3 6 3 7 3 9 3 10 3 11 3 12 3 13 3 14 4 1 4 2 4 3 4 5 4 6 4 7 4 8 4 10 4 11 4 12 4 13 4 14 5 1 5 2 5 3 5 4 5 6 5 7 5 8 5 9 5 11 5 12 5 13 5 14 6 2 6 3 6 4 6 5 6 7 6 8 6 9 6 10 6 12 6 13 6 14 7 1 7 3 7 4 7 5 7 6 7 8 7 9 7 10 7 11 7 13 7 14 8 1 8 2 8 4 8 5 8 6 8 7 8 9 8 10 8 11 8 12 8 14 9 1 9 2 9 3 9 5 9 6 9 7 9 8 9 10 9 11 9 12 9 13 10 1 10 2 10 3 10 4 10 6 10 7 10 8 10 9 10 11 10 12 10 13 10 14 11 1 11 2 11 3 11 4 11 5 11 7 11 8 11 9 11 10 11 12 11 13 11 14 12 1 12 2 12 3 12 4 12 5 12 6 12 8 12 9 12 10 12 11 12 13 12 14 13 1 13 2 13 3 13 4 13 5 13 6 13 7 13 9 13 10 13 11 13 12 13 14 14 1 14 2 14 3 14 4 14 5 14 6 14 7 14 8 14 10 14 11 14 12 14 13
V
2 7 13
166 1 2 1 3 1 4 1 5 1 6 1 8 1 9 1 10 1 11 1 12 1 13 1 14 2 1 2 3 2 4 2 5 2 6 2 7 2 9 2 10 2 11 2 12 2 13 2 14 3 1 3 2 3 4 3 5 3 6 3 7 3 8 3 10 3 11 3 12 3 13 3 14 4 1 4 2 4 3 4 5 4 6 4 7 4 8 4 9 4 11 4 12 4 13 4 14 5 1 5 2 5 3 5 4 5 6 5 7 5 8 5 9 5 10 5 12 5 13 5 14 6 1 6 2 6 3 6 4 6 5 6 7 6 8 6 9 6 10 6 11 6 13 6 14 7 2 7 3 7 4 7 5 7 6 7 8 7 9 7 10 7 11 7 12 7 14 8 1 8 3 8 4 8 5 8 6 8 7 8 9 8 10 8 11 8 12 8 13 9 1 9 2 9 4 9 5 9 6 9 7 9 8 9 10 9 11 9 12 9 13 9 14 10 1 10 2 10 3 10 5 10 6 10 7 10 8 10 9 10 11 10 12 10 13 10 14 11 1 11 2 11 3 11 4 11 6 11 7 11 8 11 9 11 10 11 12 11 13 11 14 12 1 12 2 12 3 12 4 12 5 12 7 12 8 12 9 12 10 12 11 12 13 12 14 13 1 13 2 13 3 13 4 13 5 13 6 13 8 13 9 13 10 13 11 13 12 13 14 14 1 14 2 14 3 14 4 14 5 14 6 14 7 14 9 14 10 14 11 14 12 14 13
V
2 7 14
168 1 2 1 3 1 4 1 5 1 6 1 7 1 9 1 10 1 11 1 12 1 13 1 14 2 1 2 3 2 4 2 5 2 6 2 7 2 8 2 10 2 11 2 12 2 13 2 14 3 1 3 2 3 4 3 5 3 6 3 7 3 8 3 9 3 11 3 12 3 13 3 14 4 1 4 2 4 3 4 5 4 6 4 7 4 8 4 9 4 10 4 12 4 13 4 14 5 1 5 2 5 3 5 4 5 6 5 7 5 8 5 9 5 10 5 11 5 13 5 14 6 1 6 2 6 3 6 4 6 5 6 7 6 8 6 9 6 10 6 11 6 12 6 14 7 1 7 2 7 3 7 4 7 5 7 6 7 8 7 9 7 10 7 11 7 12 7 13 8 2 8 3 8 4 8 5 8 6 8 7 8 9 8 10 8 11 8 12 8 13 8 14 9 1 9 3 9 4 9 5 9 6 9 7 9 8 9 10 9 11 9 12 9 13 9 14 10 1 10 2 10 4 10 5 10 6 10 7 10 8 10 9 10 11 10 12 10 13 10 14 11 1 11 2 11 3 11 5 11 6 11 7 11 8 11 9 11 10 11 12 11 13 11 14 12 1 12 2 12 3 12 4 12 6 12 7 12 8 12 9 12 10 12 11 12 13 12 14 13 1 13 2 13 3 13 4 13 5 13 7 13 8 13 9 13 10 13 11 13 12 13 14 14 1 14 2 14 3 14 4 14 5 14 6 14 8 14 9 14 10 14 11 14 12 14 13
V
2 8 9
156 1 3 1 4 1 5 1 6 1 7 1 8 1 9 1 10 1 11 1 12 1 13 1 14 2 4 2 5 2 6 2 7 2 8 2 9 2 10 2 11 2 12 2 13 2 14 3 1 3 5 3 6 3 7 3 8 3 9 3 10 3 11 3 12 3 13 3 14 4 1 4 2 4 6 4 7 4 8 4 9 4 10 4 11 4 12 4 13 4 14 5 1 5 2 5 3 5 7 5 8 5 9 5 10 5 11 5 12 5 13 5 14 6 1 6 2 6 3 6 4 6 8 6 9 6 10 6 11 6 12 6 13 6 14 7 1 7 2 7 3 7 4 7 5 7 9 7 10 7 11 7 12 7 13 7 14 8 1 8 2 8 3 8 4 8 5 8 6 8 10 8 11 8 12 8 13 8 14 9 1 9 2 9 3 9 4 9 5 9 6 9 7 9 11 9 12 9 13 9 14 10 1 10 2 10 3 10 4 10 5 10 6 10 7 10 8 10 12 10 13 10 14 11 1 11 2 11 3 11 4 11 5 11 6 11 7 11 8 11 9 11 13 11 14 12 1 12 2 12 3 12 4 12 5 12 6 12 7 12 8 12 9 12 10 12 14 13 1 13 2 13 3 13 4 13 5 13 6 13 7 13 8 13 9 13 10 13 11 14 1 14 2 14 3 14 4 14 5 14 6 14 7 14 8 14 9 14 10 14 11 14 12
V
2 8 10
158 1 2 1 4 1 5 1 6 1 7 1 8 1 9 1 10 1 11 1 12 1 13 1 14 2 1 2 3 2 5 2 6 2 7 2 8 2 9 2 10 2 11 2 12 2 13 2 14 3 2 3 4 3 6 3 7 3 8 3 9 3 10 3 11 3 12 3 13 3 14 4 1 4 3 4 5 4 7 4 8 4 9 4 10 4 11 4 12 4 13 4 14 5 1 5 2 5 4 5 6 5 8 5 9 5 10 5 11 5 12 5 13 5 14 6 1 6 2 6 3 6 5 6 7 6 9 6 10 6 11 6 12 6 13 6 14 7 1 7 2 7 3 7 4 7 6 7 8 7 10 7 11 7 12 7 13 7 14 8 1 8 2 8 3 8 4 8 5 8 7 8 9 8 11 8 12 8 13 8 14 9 1 9 2 9 3 9 4 9 5 9 6 9 8 9 10 9 12 9 13 9 14 10 1 10 2 10 3 10 4 10 5 10 6 10 7 10 9 10 11 10 13 10 14 11 1 11 2 11 3 11 4 11 5 11 6 11 7 11 8 11 10 11 12 11 14 12 1 12 2 12 3 12 4 12 5 12 6 12 7 12 8 12 9 12 11 12 13 13 1 13 2 13 3 13 4 13 5 13 6 13 7 13 8 13 9 13 10 13 12 13 14 14 1 14 2 14 3 14 4 14 5 14 6 14 7 14 8 14 9 14 10 14 11 14 13
V
2 8 11
160 1 2 1 3 1 5 1 6 1 7 1 8 1 9 1 10 1 11 1 12 1 13 1 14 2 1 2 3 2 4 2 6 2 7 2 8 2 9 2 10 2 11 2 12 2 13 2 14 3 1 3 2 3 4 3 5 3 7 3 8 3 9 3 10 3 11 3 12 3 13 3 14 4 2 4 3 4 5 4 6 4 8 4 9 4 10 4 11 4 12 4 13 4 14 5 1 5 3 5 4 5 6 5 7 5 9 5 10 5 11 5 12 5 13 5 14 6 1 6 2 6 4 6 5 6 7 6 8 6 10 6 11 6 12 6 13 6 14 7 1 7 2 7 3 7 5 7 6 7 8 7 9 7 11 7 12 7 13 7 14 8 1 8 2 8 3 8 4 8 6 8 7 8 9 8 10 8 12 8 13 8 14 9 1 9 2 9 3 9 4 9 5 9 7 9 8 9 10 9 11 9 13 9 14 10 1 10 2 10 3 10 4 10 5 10 6 10 8 10 9 10 11 10 12 10 14 11 1 11 2 11 3 11 4 11 5 11 6 11 7 11 9 11 10 11 12 11 13 12 1 12 2 12 3 12 4 12 5 12 6 12 7 12 8 12 10 12 11 12 13 12 14 13 1 13 2 13 3 13 4 13 5 13 6 13 7 13 8 13 9 13 11 13 12 13 14 14 1 14 2 14 3 14 4 14 5 14 6 14 7 14 8 14 9 14 10 14 12 14 13
V
2 8 12
162 1 2 1 3 1 4 1 6 1 7 1 8 1 9 1 10 1 11 1 12 1 13 1 14 2 1 2 3 2 4 2 5 2 7 2 8 2 9 2 10 2 11 2 12 2 13 2 14 3 1 3 2 3 4 3 5 3 6 3 8 3 9 3 10 3 11 3 12 3 13 3 14 4 1 4 2 4 3 4 5 4 6 4 7 4 9 4 10 4 11 4 12 4 13 4 14 5 2 5 3 5 4 5 6 5 7 5 8 5 10 5 11 5 12 5 13 5 14 6 1 6 3 6 4 6 5 6 7 6 8 6 9 6 11 6 12 6 13 6 14 7 1 7 2 7 4 7 5 7 6 7 8 7 9 7 10 7 12 7 13 7 14 8 1 8 2 8 3 8 5 8 6 8 7 8 9 8 10 8 11 8 13 8 14 9 1 9 2 9 3 9 4 9 6 9 7 9 8 9 10 9 11 9 12 9 14 10 1 10 2 10 3 10 4 10 5 10 7 10 8 10 9 10 11 10 12 10 13 11 1 11 2 11 3 11 4 11 5 11 6 11 8 11 9 11 10 11 12 11 13 11 14 12 1 12 2 12 3 12 4 12 5 12 6 12 7 12 9 12 10 12 11 12 13 12 14 13 1 13 2 13 3 13 4 13 5 13 6 13 7 13 8 13 10 13 11 13 12 13 14 14 1 14 2 14 3 14 4 14 5 14 6 14 7 14 8 14 9 14 11 14 12 14 13
V
2 8 13
164 1 2 1 3 1 4 1 5 1 7 1 8 1 9 1 10 1 11 1 12 1 13 1 14 2 1 2 3 2 4 2 5 2 6 2 8 2 9 2 10 2 11 2 12 2 13 2 14 3 1 3 2 3 4 3 5 3 6 3 7 3 9 3 10 3 11 3 12 3 13 3 14 4 1 4 2 4 3 4 5 4 6 4 7 4 8 4 10 4 11 4 12 4 13 4 14 5 1 5 2 5 3 5 4 5 6 5 7 5 8 5 9 5 11 5 12 5 13 5 14 6 2 6 3 6 4 6 5 6 7 6 8 6 9 6 10 6 12 6 13 6 14 7 1 7 3 7 4 7 5 7 6 7 8 7 9 7 10 7 11 7 13 7 14 8 1 8 2 8 4 8 5 8 6 8 7 8 9 8 10 8 11 8 12 8 14 9 1 9 2 9 3 9 5 9 6 9 7 9 8 9 10 9 11 9 12 9 13 10 1 10 2 10 3 10 4 10 6 10 7 10 8 10 9 10 11 10 12 10 13 10 14 11 1 11 2 11 3 11 4 11 5 11 7 11 8 11 9 11 10 11 12 11 13 11 14 12 1 12 2 12 3 12 4 12 5 12 6 12 8 12 9 12 10 12 11 12 13 12 14 13 1 13 2 13 3 13 4 13 5 13 6 13 7 13 9 13 10 13 11 13 12 13 14 14 1 14 2 14 3 14 4 14 5 14 6 14 7 14 8 14 10 14 11 14 12 14 13
V
2 8 14
166 1 2 1 3 1 4 1 5 1 6 1 8 1 9 1 10 1 11 1 12 1 13 1 14 2 1 2 3 2 4 2 5 2 6 2 7 2 9 2 10 2 11 2 12 2 13 2 14 3 1 3 2 3 4 3 5 3 6 3 7 3 8 3 10 3 11 3 12 3 13 3 14 4 1 4 2 4 3 4 5 4 6 4 7 4 8 4 9 4 11 4 12 4 13 4 14 5 1 5 2 5 3 5 4 5 6 5 7 5 8 5 9 5 10 5 12 5 13 5 14 6 1 6 2 6 3 6 4 6 5 6 7 6 8 6 9 6 10 6 11 6 13 6 14 7 2 7 3 7 4 7 5 7 6 7 8 7 9 7 10 7 11 7 12 7 14 8 1 8 3 8 4 8 5 8 6 8 7 8 9 8 10 8 11 8 12 8 13 9 1 9 2 9 4 9 5 9 6 9 7 9 8 9 10 9 11 9 12 9 13 9 14 10 1 10 2 10 3 10 5 10 6 10 7 10 8 10 9 10 11 10 12 10 13 10 14 11 1 11 2 11 3 11 4 11 6 11 7 11 8 11 9 11 10 11 12 11 13 11 14 12 1 12 2 12 3 12 4 12 5 12 7 12 8 12 9 12 10 12 11 12 13 12 14 13 1 13 2 13 3 13 4 13 5 13 6 13 8 13 9 13 10 13 11 13 12 13 14 14 1 14 2 14 3 14 4 14 5 14 6 14 7 14 9 14 10 14 11 14 12 14 13
V
2 9 10
156 1 3 1 4 1 5 1 6 1 7 1 8 1 9 1 10 1 11 1 12 1 13 1 14 2 4 2 5 2 6 2 7 2 8 2 9 2 10 2 11 2 12 2 13 2 14 3 1 3 5 3 6 3 7 3 8 3 9 3 10 3 11 3 12 3 13 3 14 4 1 4 2 4 6 4 7 4 8 4 9 4 10 4 11 4 12 4 13 4 14 5 1 5 2 5 3 5 7 5 8 5 9 5 10 5 11 5 12 5 13 5 14 6 1 6 2 6 3 6 4 6 8 6 9 6 10 6 11 6 12 6 13 6 14 7 1 7 2 7 3 7 4 7 5 7 9 7 10 7 11 7 12 7 13 7 14 8 1 8 2 8 3 8 4 8 5 8 6 8 10 8 11 8 12 8 13 8 14 9 1 9 2 9 3 9 4 9 5 9 6 9 7 9 11 9 12 9 13 9 14 10 1 10 2 10 3 10 4 10 5 10 6 10 7 10 8 10 12 10 13 10 14 11 1 11 2 11 3 11 4 11 5 11 6 11 7 11 8 11 9 11 13 11 14 12 1 12 2 12 3 12 4 12 5 12 6 12 7 12 8 12 9 12 10 12 14 13 1 13 2 13 3 13 4 13 5 13 6 13 7 13 8 13 9 13 10 13 11 14 1 14 2 14 3 14 4 14 5 14 6 14 7 14 8 14 9 14 10 14 11 14 12
V
2 9 11
158 1 2 1 4 1 5 1 6 1 7 1 8 1 9 1 10 1 11 1 12 1 13 1 14 2 1 2 3 2 5 2 6 2 7 2 8 2 9 2 10 2 11 2 12 2 13 2 14 3 2 3 4 3 6 3 7 3 8 3 9 3 10 3 11 3 12 3 13 3 14 4 1 4 3 4 5 4 7 4 8 4 9 4 10 4 11 4 12 4 13 4 14 5 1 5 2 5 4 5 6 5 8 5 9 5 10 5 11 5 12 5 13 5 14 6 1 6 2 6 3 6 5 6 7 6 9 6 10 6 11 6 12 6 13 6 14 7 1 7 2 7 3 7 4 7 6 7 8 7 10 7 11 7 12 7 13 7 14 8 1 8 2 8 3 8 4 8 5 8 7 8 9 8 11 8 12 8 13 8 14 9 1 9 2 9 3 9 4 9 5 9 6 9 8 9 10 9 12 9 13 9 14 10 1 10 2 10 3 10 4 10 5 10 6 10 7 10 9 10 11 10 13 10 14 11 1 11 2 11 3 11 4 11 5 11 6 11 7 11 8 11 10 11 12 11 14 12 1 12 2 12 3 12 4 12 5 12 6 12 7 12 8 12 9 12 11 12 13 13 1 13 2 13 3 13 4 13 5 13 6 13 7 13 8 13 9 13 10 13 12 13 14 14 1 14 2 14 3 14 4 14 5 14 6 14 7 14 8 14 9 14 10 14 11 14 13
V
2 9 12
160 1 2 1 3 1 5 1 6 1 7 1 8 1 9 1 10 1 11 1 12 1 13 1 14 2 1 2 3 2 4 2 6 2 7 2 8 2 9 2 10 2 11 2 12 2 13 2 14 3 1 3 2 3 4 3 5 3 7 3 8 3 9 3 10 3 11 3 12 3 13 3 14 4 2 4 3 4 5 4 6 4 8 4 9 4 10 4 11 4 12 4 13 4 14 5 1 5 3 5 4 5 6 5 7 5 9 5 10 5 11 5 12 5 13 5 14 6 1 6 2 6 4 6 5 6 7 6 8 6 10 6 11 6 12 6 13 6 14 7 1 7 2 7 3 7 5 7 6 7 8 7 9 7 11 7 12 7 13 7 14 8 1 8 2 8 3 8 4 8 6 8 7 8 9 8 10 8 12 8 13 8 14 9 1 9 2 9 3 9 4 9 5 9 7 9 8 9 10 9 11 9 13 9 14 10 1 10 2 10 3 10 4 10 5 10 6 10 8 10 9 10 11 10 12 10 14 11 1 11 2 11 3 11 4 11 5 11 6 11 7 11 9 11 10 11 12 11 13 12 1 12 2 12 3 12 4 12 5 12 6 12 7 12 8 12 10 12 11 12 13 12 14 13 1 13 2 13 3 13 4 13 5 13 6 13 7 13 8 13 9 13 11 13 12 13 14 14 1 14 2 14 3 14 4 14 5 14 6 14 7 14 8 14 9 14 10 14 12 14 13
V
2 9 13
162 1 2 1 3 1 4 1 6 1 7 1 8 1 9 1 10 1 11 1 12 1 13 1 14 2 1 2 3 2 4 2 5 2 7 2 8 2 9 2 10 2 11 2 12 2 13 2 14 3 1 3 2 3 4 3 5 3 6 3 8 3 9 3 10 3 11 3 12 3 13 3 14 4 1 4 2 4 3 4 5 4 6 4 7 4 9 4 10 4 11 4 12 4 13 4 14 5 2 5 3 5 4 5 6 5 7 5 8 5 10 5 11 5 12 5 13 5 14 6 1 6 3 6 4 6 5 6 7 6 8 6 9 6 11 6 12 6 13 6 14 7 1 7 2 7 4 7 5 7 6 7 8 7 9 7 10 7 12 7 13 7 14 8 1 8 2 8 3 8 5 8 6 8 7 8 9 8 10 8 11 8 13 8 14 9 1 9 2 9 3 9 4 9 6 9 7 9 8 9 10 9 11 9 12 9 14 10 1 10 2 10 3 10 4 10 5 10 7 10 8 10 9 10 11 10 12 10 13 11 1 11 2 11 3 11 4 11 5 11 6 11 8 11 9 11 10 11 12 11 13 11 14 12 1 12 2 12 3 12 4 12 5 12 6 12 7 12 9 12 10 12 11 12 13 12 14 13 1 13 2 13 3 13 4 13 5 13 6 13 7 13 8 13 10 13 11 13 12 13 14 14 1 14 2 14 3 14 4 14 5 14 6 14 7 14 8 14 9 14 11 14 12 14 13
V
2 9 14
164 1 2 1 3 1 4 1 5 1 7 1 8 1 9 1 10 1 11 1 12 1 13 1 14 2 1 2 3 2 4 2 5 2 6 2 8 2 9 2 10 2 11 2 12 2 13 2 14 3 1 3 2 3 4 3 5 3 6 3 7 3 9 3 10 3 11 3 12 3 13 3 14 4 1 4 2 4 3 4 5 4 6 4 7 4 8 4 10 4 11 4 12 4 13 4 14 5 1 5 2 5 3 5 4 5 6 5 7 5 8 5 9 5 11 5 12 5 13 5 14 6 2 6 3 6 4 6 5 6 7 6 8 6 9 6 10 6 12 6 13 6 14 7 1 7 3 7 4 7 5 7 6 7 8 7 9 7 10 7 11 7 13 7 14 8 1 8 2 8 4 8 5 8 6 8 7 8 9 8 10 8 11 8 12 8 14 9 1 9 2 9 3 9 5 9 6 9 7 9 8 9 10 9 11 9 12 9 13 10 1 10 2 10 3 10 4 10 6 10 7 10 8 10 9 10 11 10 12 10 13 10 14 11 1 11 2 11 3 11 4 11 5 11 7 11 8 11 9 11 10 11 12 11 13 11 14 12 1 12 2 12 3 12 4 12 5 12 6 12 8 12 9 12 10 12 11 12 13 12 14 13 1 13 2 13 3 13 4 13 5 13 6 13 7 13 9 13 10 13 11 13 12 13 14 14 1 14 2 14 3 14 4 14 5 14 6 14 7 14 8 14 10 14 11 14 12 14 13
V
2 10 11
156 1 3 1 4 1 5 1 6 1 7 1 8 1 9 1 10 1 11 1 12 1 13 1 14 2 4 2 5 2 6 2 7 2 8 2 9 2 10 2 11 2 12 2 13 2 14 3 1 3 5 3 6 3 7 3 8 3 9 3 10 3 11 3 12 3 13 3 14 4 1 4 2 4 6 4 7 4 8 4 9 4 10 4 11 4 12 4 13 4 14 5 1 5 2 5 3 5 7 5 8 5 9 5 10 5 11 5 12 5 13 5 14 6 1 6 2 6 3 6 4 6 8 6 9 6 10 6 11 6 12 6 13 6 14 7 1 7 2 7 3 7 4 7 5 7 9 7 10 7 11 7 12 7 13 7 14 8 1 8 2 8 3 8 4 8 5 8 6 8 10 8 11 8 12 8 13 8 14 9 1 9 2 9 3 9 4 9 5 9 6 9 7 9 11 9 12 9 13 9 14 10 1 10 2 10 3 10 4 10 5 10 6 10 7 10 8 10 12 10 13 10 14 11 1 11 2 11 3 11 4 11 5 11 6 11 7 11 8 11 9 11 13 11 14 12 1 12 2 12 3 12 4 12 5 12 6 12 7 12 8 12 9 12 10 12 14 13 1 13 2 13 3 13 4 13 5 13 6 13 7 13 8 13 9 13 10 13 11 14 1 14 2 14 3 14 4 14 5 14 6 14 7 14 8 14 9 14 10 14 11 14 12
V
2 10 12
158 1 2 1 4 1 5 1 6 1 7 1 8 1 9 1 10 1 11 1 12 1 13 1 14 2 1 2 3 2 5 2 6 2 7 2 8 2 9 2 10 2 11 2 12 2 13 2 14 3 2 3 4 3 6 3 7 3 8 3 9 3 10 3 11 3 12 3 13 3 14 4 1 4 3 4 5 4 7 4 8 4 9 4 10 4 11 4 12 4 13 4 14 5 1 5 2 5 4 5 6 5 8 5 9 5 10 5 11 5 12 5 13 5 14 6 1 6 2 6 3 6 5 6 7 6 9 6 10 6 11 6 12 6 13 6 14 7 1 7 2 7 3 7 4 7 6 7 8 7 10 7 11 7 12 7 13 7 14 8 1 8 2 8 3 8 4 8 5 8 7 8 9 8 11 8 12 8 13 8 14 9 1 9 2 9 3 9 4 9 5 9 6 9 8 9 10 9 12 9 13 9 14 10 1 10 2 10 3 10 4 10 5 10 6 10 7 10 9 10 11 10 13 10 14 11 1 11 2 11 3 11 4 11 5 11 6 11 7 11 8 11 10 11 12 11 14 12 1 12 2 12 3 12 4 12 5 12 6 12 7 12 8 12 9 12 11 12 13 13 1 13 2 13 3 13 4 13 5 13 6 13 7 13 8 13 9 13 10 13 12 13 14 14 1 14 2 14 3 14 4 14 5 14 6 14 7 14 8 14 9 14 10 14 11 14 13
V
2 10 13
160 1 2 1 3 1 5 1 6 1 7 1 8 1 9 1 10 1 11 1 12 1 13 1 14 2 1 2 3 2 4 2 6 2 7 2 8 2 9 2 10 2 11 2 12 2 13 2 14 3 1 3 2 3 4 3 5 3 7 3 8 3 9 3 10 3 11 3 12 3 13 3 14 4 2 4 3 4 5 4 6 4 8 4 9 4 10 4 11 4 12 4 13 4 14 5 1 5 3 5 4 5 6 5 7 5 9 5 10 5 11 5 12 5 13 5 14 6 1 6 2 6 4 6 5 6 7 6 8 6 10 6 11 6 12 6 13 6 14 7 1 7 2 7 3 7 5 7 6 7 8 7 9 7 11 7 12 7 13 7 14 8 1 8 2 8 3 8 4 8 6 8 7 8 9 8 10 8 12 8 13 8 14 9 1 9 2 9 3 9 4 9 5 9 7 9 8 9 10 9 11 9 13 9 14 10 1 10 2 10 3 10 4 10 5 10 6 10 8 10 9 10 11 10 12 10 14 11 1 11 2 11 3 11 4 11 5 11 6 11 7 11 9 11 10 11 12 11 13 12 1 12 2 12 3 12 4 12 5 12 6 12 7 12 8 12 10 12 11 12 13 12 14 13 1 13 2 13 3 13 4 13 5 13 6 13 7 13 8 13 9 13 11 13 12 13 14 14 1 14 2 14 3 14 4 14 5 14 6 14 7 14 8 14 9 14 10 14 12 14 13
V
2 10 14
162 1 2 1 3 1 4 1 6 1 7 1 8 1 9 1 10 1 11 1 12 1 13 1 14 2 1 2 3 2 4 2 5 2 7 2 8 2 9 2 10 2 11 2 12 2 13 2 14 3 1 3 2 3 4 3 5 3 6 3 8 3 9 3 10 3 11 3 12 3 13 3 14 4 1 4 2 4 3 4 5 4 6 4 7 4 9 4 10 4 11 4 12 4 13 4 14 5 2 5 3 5 4 5 6 5 7 5 8 5 10 5 11 5 12 5 13 5 14 6 1 6 3 6 4 6 5 6 7 6 8 6 9 6 11 6 12 6 13 6 14 7 1 7 2 7 4 7 5 7 6 7 8 7 9 7 10 7 12 7 13 7 14 8 1 8 2 8 3 8 5 8 6 8 7 8 9 8 10 8 11 8 13 8 14 9 1 9 2 9 3 9 4 9 6 9 7 9 8 9 10 9 11 9 12 9 14 10 1 10 2 10 3 10 4 10 5 10 7 10 8 10 9 10 11 10 12 10 13 11 1 11 2 11 3 11 4 11 5 11 6 11 8 11 9 11 10 11 12 11 13 11 14 12 1 12 2 12 3 12 4 12 5 12 6 12 7 12 9 12 10 12 11 12 13 12 14 13 1 13 2 13 3 13 4 13 5 13 6 13 7 13 8 13 10 13 11 13 12 13 14 14 1 14 2 14 3 14 4 14 5 14 6 14 7 14 8 14 9 14 11 14 12 14 13
V
2 11 12
156 1 3 1 4 1 5 1 6 1 7 1 8 1 9 1 10 1 11 1 12 1 13 1 14 2 4 2 5 2 6 2 7 2 8 2 9 2 10 2 11 2 12 2 13 2 14 3 1 3 5 3 6 3 7 3 8 3 9 3 10 3 11 3 12 3 13 3 14 4 1 4 2 4 6 4 7 4 8 4 9 4 10 4 11 4 12 4 13 4 14 5 1 5 2 5 3 5 7 5 8 5 9 5 10 5 11 5 12 5 13 5 14 6 1 6 2 6 3 6 4 6 8 6 9 6 10 6 11 6 12 6 13 6 14 7 1 7 2 7 3 7 4 7 5 7 9 7 10 7 11 7 12 7 13 7 14 8 1 8 2 8 3 8 4 8 5 8 6 8 10 8 11 8 12 8 13 8 14 9 1 9 2 9 3 9 4 9 5 9 6 9 7 9 11 9 12 9 13 9 14 10 1 10 2 10 3 10 4 10 5 10 6 10 7 10 8 10 12 10 13 10 14 11 1 11 2 11 3 11 4 11 5 11 6 11 7 11 8 11 9 11 13 11 14 12 1 12 2 12 3 12 4 12 5 12 6 12 7 12 8 12 9 12 10 12 14 13 1 13 2 13 3 13 4 13 5 13 6 13 7 13 8 13 9 13 10 13 11 14 1 14 2 14 3 14 4 14 5 14 6 14 7 14 8 14 9 14 10 14 11 14 12
V
2 11 13
158 1 2 1 4 1 5 1 6 1 7 1 8 1 9 1 10 1 11 1 12 1 13 1 14 2 1 2 3 2 5 2 6 2 7 2 8 2 9 2 10 2 11 2 12 2 13 2 14 3 2 3 4 3 6 3 7 3 8 3 9 3 10 3 11 3 12 3 13 3 14 4 1 4 3 4 5 4 7 4 8 4 9 4 10 4 11 4 12 4 13 4 14 5 1 5 2 5 4 5 6 5 8 5 9 5 10 5 11 5 12 5 13 5 14 6 1 6 2 6 3 6 5 6 7 6 9 6 10 6 11 6 12 6 13 6 14 7 1 7 2 7 3 7 4 7 6 7 8 7 10 7 11 7 12 7 13 7 14 8 1 8 2 8 3 8 4 8 5 8 7 8 9 8 11 8 12 8 13 8 14 9 1 9 2 9 3 9 4 9 5 9 6 9 8 9 10 9 12 9 13 9 14 10 1 10 2 10 3 10 4 10 5 10 6 10 7 10 9 10 11 10 13 10 14 11 1 11 2 11 3 11 4 11 5 11 6 11 7 11 8 11 10 11 12 11 14 12 1 12 2 12 3 12 4 12 5 12 6 12 7 12 8 12 9 12 11 12 13 13 1 13 2 13 3 13 4 13 5 13 6 13 7 13 8 13 9 13 10 13 12 13 14 14 1 14 2 14 3 14 4 14 5 14 6 14 7 14 8 14 9 14 10 14 11 14 13
V
2 11 14
160 1 2 1 3 1 5 1 6 1 7 1 8 1 9 1 10 1 11 1 12 1 13 1 14 2 1 2 3 2 4 2 6 2 7 2 8 2 9 2 10 2 11 2 12 2 13 2 14 3 1 3 2 3 4 3 5 3 7 3 8 3 9 3 10 3 11 3 12 3 13 3 14 4 2 4 3 4 5 4 6 4 8 4 9 4 10 4 11 4 12 4 13 4 14 5 1 5 3 5 4 5 6 5 7 5 9 5 10 5 11 5 12 5 13 5 14 6 1 6 2 6 4 6 5 6 7 6 8 6 10 6 11 6 12 6 13 6 14 7 1 7 2 7 3 7 5 7 6 7 8 7 9 7 11 7 12 7 13 7 14 8 1 8 2 8 3 8 4 8 6 8 7 8 9 8 10 8 12 8 13 8 14 9 1 9 2 9 3 9 4 9 5 9 7 9 8 9 10 9 11 9 13 9 14 10 1 10 2 10 3 10 4 10 5 10 6 10 8 10 9 10 11 10 12 10 14 11 1 11 2 11 3 11 4 11 5 11 6 11 7 11 9 11 10 11 12 11 13 12 1 12 2 12 3 12 4 12 5 12 6 12 7 12 8 12 10 12 11 12 13 12 14 13 1 13 2 13 3 13 4 13 5 13 6 13 7 13 8 13 9 13 11 13 12 13 14 14 1 14 2 14 3 14 4 14 5 14 6 14 7 14 8 14 9 14 10 14 12 14 13
V
2 12 13
156 1 3 1 4 1 5 1 6 1 7 1 8 1 9 1 10 1 11 1 12 1 13 1 14 2 4 2 5 2 6 2 7 2 8 2 9 2 10 2 11 2 12 2 13 2 14 3 1 3 5 3 6 3 7 3 8 3 9 3 10 3 11 3 12 3 13 3 14 4 1 4 2 4 6 4 7 4 8 4 9 4 10 4 11 4 12 4 13 4 14 5 1 5 2 5 3 5 7 5 8 5 9 5 10 5 11 5 12 5 13 5 14 6 1 6 2 6 3 6 4 6 8 6 9 6 10 6 11 6 12 6 13 6 14 7 1 7 2 7 3 7 4 7 5 7 9 7 10 7 11 7 12 7 13 7 14 8 1 8 2 8 3 8 4 8 5 8 6 8 10 8 11 8 12 8 13 8 14 9 1 9 2 9 3 9 4 9 5 9 6 9 7 9 11 9 12 9 13 9 14 10 1 10 2 10 3 10 4 10 5 10 6 10 7 10 8 10 12 10 13 10 14 11 1 11 2 11 3 11 4 11 5 11 6 11 7 11 8 11 9 11 13 11 14 12 1 12 2 12 3 12 4 12 5 12 6 12 7 12 8 12 9 12 10 12 14 13 1 13 2 13 3 13 4 13 5 13 6 13 7 13 8 13 9 13 10 13 11 14 1 14 2 14 3 14 4 14 5 14 6 14 7 14 8 14 9 14 10 14 11 14 12
V
2 12 14
158 1 2 1 4 1 5 1 6 1 7 1 8 1 9 1 10 1 11 1 12 1 13 1 14 2 1 2 3 2 5 2 6 2 7 2 8 2 9 2 10 2 11 2 12 2 13 2 14 3 2 3 4 3 6 3 7 3 8 3 9 3 10 3 11 3 12 3 13 3 14 4 1 4 3 4 5 4 7 4 8 4 9 4 10 4 11 4 12 4 13 4 14 5 1 5 2 5 4 5 6 5 8 5 9 5 10 5 11 5 12 5 13 5 14 6 1 6 2 6 3 6 5 6 7 6 9 6 10 6 11 6 12 6 13 6 14 7 1 7 2 7 3 7 4 7 6 7 8 7 10 7 11 7 12 7 13 7 14 8 1 8 2 8 3 8 4 8 5 8 7 8 9 8 11 8 12 8 13 8 14 9 1 9 2 9 3 9 4 9 5 9 6 9 8 9 10 9 12 9 13 9 14 10 1 10 2 10 3 10 4 10 5 10 6 10 7 10 9 10 11 10 13 10 14 11 1 11 2 11 3 11 4 11 5 11 6 11 7 11 8 11 10 11 12 11 14 12 1 12 2 12 3 12 4 12 5 12 6 12 7 12 8 12 9 12 11 12 13 13 1 13 2 13 3 13 4 13 5 13 6 13 7 13 8 13 9 13 10 13 12 13 14 14 1 14 2 14 3 14 4 14 5 14 6 14 7 14 8 14 9 14 10 14 11 14 13
V
2 13 14
156 1 3 1 4 1 5 1 6 1 7 1 8 1 9 1 10 1 11 1 12 1 13 1 14 2 4 2 5 2 6 2 7 2 8 2 9 2 10 2 11 2 12 2 13 2 14 3 1 3 5 3 6 3 7 3 8 3 9 3 10 3 11 3 12 3 13 3 14 4 1 4 2 4 6 4 7 4 8 4 9 4 10 4 11 4 12 4 13 4 14 5 1 5 2 5 3 5 7 5 8 5 9 5 10 5 11 5 12 5 13 5 14 6 1 6 2 6 3 6 4 6 8 6 9 6 10 6 11 6 12 6 13 6 14 7 1 7 2 7 3 7 4 7 5 7 9 7 10 7 11 7 12 7 13 7 14 8 1 8 2 8 3 8 4 8 5 8 6 8 10 8 11 8 12 8 13 8 14 9 1 9 2 9 3 9 4 9 5 9 6 9 7 9 11 9 12 9 13 9 14 10 1 10 2 10 3 10 4 10 5 10 6 10 7 10 8 10 12 10 13 10 14 11 1 11 2 11 3 11 4 11 5 11 6 11 7 11 8 11 9 11 13 11 14 12 1 12 2 12 3 12 4 12 5 12 6 12 7 12 8 12 9 12 10 12 14 13 1 13 2 13 3 13 4 13 5 13 6 13 7 13 8 13 9 13 10 13 11 14 1 14 2 14 3 14 4 14 5 14 6 14 7 14 8 14 9 14 10 14 11 14 12
