0.925
59 2 0 0 0 0 0 0 0 0 
1 61 0 0 0 0 0 0 0 0 
0 4 63 0 0 0 1 1 0 0 
0 2 0 62 0 0 0 0 1 0 
0 1 1 0 63 0 1 0 0 3 
3 0 0 7 0 47 0 0 3 0 
0 0 0 0 0 0 46 0 0 0 
0 0 0 0 0 0 0 61 1 4 
1 3 0 1 1 0 0 1 43 0 
0 0 0 1 1 0 0 0 0 50 
              precision    recall  f1-score   support

         0.0       0.92      0.97      0.94        61
         1.0       0.84      0.98      0.90        62
         2.0       0.98      0.91      0.95        69
         3.0       0.87      0.95      0.91        65
         4.0       0.97      0.91      0.94        69
         5.0       1.00      0.78      0.88        60
         6.0       0.96      1.00      0.98        46
         7.0       0.97      0.92      0.95        66
         8.0       0.90      0.86      0.88        50
         9.0       0.88      0.96      0.92        52

    accuracy                           0.93       600
   macro avg       0.93      0.93      0.92       600
weighted avg       0.93      0.93      0.92       600

