0.945
65 0 0 0 0 0 0 0 0 0 
0 56 0 0 0 0 0 0 0 0 
1 3 59 0 0 0 1 1 0 0 
1 0 0 61 0 0 0 0 2 0 
0 0 1 1 45 0 2 0 0 4 
0 0 0 1 0 58 0 0 2 0 
0 0 0 0 0 0 60 0 1 0 
0 0 0 0 0 0 0 54 1 0 
0 2 0 2 1 0 0 1 55 2 
0 0 0 0 0 0 0 3 0 54 
              precision    recall  f1-score   support

         0.0       0.97      1.00      0.98        65
         1.0       0.92      1.00      0.96        56
         2.0       0.98      0.91      0.94        65
         3.0       0.94      0.95      0.95        64
         4.0       0.98      0.85      0.91        53
         5.0       1.00      0.95      0.97        61
         6.0       0.95      0.98      0.97        61
         7.0       0.92      0.98      0.95        55
         8.0       0.90      0.87      0.89        63
         9.0       0.90      0.95      0.92        57

    accuracy                           0.94       600
   macro avg       0.95      0.94      0.94       600
weighted avg       0.95      0.94      0.94       600

