0.9233333333333333
54 0 0 0 0 0 0 0 0 0 
0 64 0 0 0 0 0 0 0 0 
0 0 54 1 0 0 1 0 0 0 
3 1 0 60 0 0 0 0 2 0 
1 0 2 0 56 0 1 0 0 4 
1 1 0 5 0 52 0 0 4 0 
2 1 0 0 0 0 57 0 0 0 
0 0 0 0 0 0 0 51 0 7 
0 2 0 1 1 1 0 0 51 1 
0 0 0 0 0 0 0 3 0 55 
              precision    recall  f1-score   support

         0.0       0.89      1.00      0.94        54
         1.0       0.93      1.00      0.96        64
         2.0       0.96      0.96      0.96        56
         3.0       0.90      0.91      0.90        66
         4.0       0.98      0.88      0.93        64
         5.0       0.98      0.83      0.90        63
         6.0       0.97      0.95      0.96        60
         7.0       0.94      0.88      0.91        58
         8.0       0.89      0.89      0.89        57
         9.0       0.82      0.95      0.88        58

    accuracy                           0.92       600
   macro avg       0.93      0.92      0.92       600
weighted avg       0.93      0.92      0.92       600

