0.9333333333333333
65 0 0 0 0 0 0 0 0 0 
0 46 0 0 0 0 0 0 1 0 
1 3 61 1 0 0 0 0 0 0 
1 0 1 55 0 1 0 0 2 0 
1 0 1 0 50 0 0 0 0 5 
1 0 0 2 0 55 0 0 3 0 
1 0 0 0 0 0 64 0 0 0 
1 0 0 0 0 0 0 54 0 4 
1 3 0 3 0 1 0 0 51 1 
0 0 0 0 0 0 0 1 0 59 
              precision    recall  f1-score   support

         0.0       0.90      1.00      0.95        65
         1.0       0.88      0.98      0.93        47
         2.0       0.97      0.92      0.95        66
         3.0       0.90      0.92      0.91        60
         4.0       1.00      0.88      0.93        57
         5.0       0.96      0.90      0.93        61
         6.0       1.00      0.98      0.99        65
         7.0       0.98      0.92      0.95        59
         8.0       0.89      0.85      0.87        60
         9.0       0.86      0.98      0.91        60

    accuracy                           0.93       600
   macro avg       0.94      0.93      0.93       600
weighted avg       0.94      0.93      0.93       600

