0.9283333333333333
59 2 0 0 0 0 0 0 0 0 
0 62 0 0 0 0 0 0 0 0 
0 4 51 1 0 0 1 0 0 0 
1 0 0 54 0 0 0 0 2 0 
0 0 2 0 49 0 1 0 0 5 
1 0 0 2 0 53 0 0 4 2 
0 1 0 0 0 0 73 0 0 0 
0 0 0 0 0 0 0 48 0 3 
1 1 0 3 2 1 0 0 50 2 
0 0 0 0 0 0 0 1 0 58 
              precision    recall  f1-score   support

         0.0       0.95      0.97      0.96        61
         1.0       0.89      1.00      0.94        62
         2.0       0.96      0.89      0.93        57
         3.0       0.90      0.95      0.92        57
         4.0       0.96      0.86      0.91        57
         5.0       0.98      0.85      0.91        62
         6.0       0.97      0.99      0.98        74
         7.0       0.98      0.94      0.96        51
         8.0       0.89      0.83      0.86        60
         9.0       0.83      0.98      0.90        59

    accuracy                           0.93       600
   macro avg       0.93      0.93      0.93       600
weighted avg       0.93      0.93      0.93       600

