0.95
64 0 0 0 0 0 0 0 0 0 
1 58 0 0 0 0 0 0 1 0 
1 1 50 1 0 0 0 0 1 0 
1 1 0 53 0 0 0 0 2 0 
1 0 2 0 61 0 0 0 0 2 
0 1 0 1 0 50 0 0 5 0 
0 0 0 0 0 0 65 0 0 0 
0 0 0 0 0 0 0 61 0 1 
1 2 1 0 0 0 0 0 48 0 
0 1 0 1 1 0 0 0 0 60 
              precision    recall  f1-score   support

         0.0       0.93      1.00      0.96        64
         1.0       0.91      0.97      0.94        60
         2.0       0.94      0.93      0.93        54
         3.0       0.95      0.93      0.94        57
         4.0       0.98      0.92      0.95        66
         5.0       1.00      0.88      0.93        57
         6.0       1.00      1.00      1.00        65
         7.0       1.00      0.98      0.99        62
         8.0       0.84      0.92      0.88        52
         9.0       0.95      0.95      0.95        63

    accuracy                           0.95       600
   macro avg       0.95      0.95      0.95       600
weighted avg       0.95      0.95      0.95       600

