0.9316666666666666
63 2 0 0 0 0 0 0 0 0 
0 58 0 0 0 0 0 0 0 0 
2 0 54 1 0 0 0 0 0 0 
1 0 0 57 0 0 0 0 1 0 
1 1 1 0 45 0 0 0 0 5 
2 0 0 2 0 53 1 0 3 0 
1 0 0 0 0 0 58 0 0 0 
0 1 0 0 0 0 0 59 0 4 
1 2 0 2 0 2 0 0 54 1 
0 0 0 0 0 0 0 4 0 58 
              precision    recall  f1-score   support

         0.0       0.89      0.97      0.93        65
         1.0       0.91      1.00      0.95        58
         2.0       0.98      0.95      0.96        57
         3.0       0.92      0.97      0.94        59
         4.0       1.00      0.85      0.92        53
         5.0       0.96      0.87      0.91        61
         6.0       0.98      0.98      0.98        59
         7.0       0.94      0.92      0.93        64
         8.0       0.93      0.87      0.90        62
         9.0       0.85      0.94      0.89        62

    accuracy                           0.93       600
   macro avg       0.94      0.93      0.93       600
weighted avg       0.93      0.93      0.93       600

