0.9466666666666667
55 1 0 0 0 0 0 0 0 0 
0 55 0 0 0 0 0 0 0 0 
1 0 67 2 0 0 0 1 0 0 
0 0 0 54 0 0 0 0 2 0 
0 0 1 0 50 0 1 0 0 3 
1 1 0 1 1 57 0 0 2 1 
1 0 0 0 0 0 66 0 0 0 
0 1 0 0 0 0 0 55 0 2 
1 2 1 0 0 1 0 2 63 1 
0 0 0 1 0 0 0 0 0 46 
              precision    recall  f1-score   support

         0.0       0.93      0.98      0.96        56
         1.0       0.92      1.00      0.96        55
         2.0       0.97      0.94      0.96        71
         3.0       0.93      0.96      0.95        56
         4.0       0.98      0.91      0.94        55
         5.0       0.98      0.89      0.93        64
         6.0       0.99      0.99      0.99        67
         7.0       0.95      0.95      0.95        58
         8.0       0.94      0.89      0.91        71
         9.0       0.87      0.98      0.92        47

    accuracy                           0.95       600
   macro avg       0.95      0.95      0.95       600
weighted avg       0.95      0.95      0.95       600

