0.935
58 0 0 0 0 0 0 0 0 0 
0 55 0 0 0 0 0 0 0 0 
1 2 64 0 0 0 0 1 0 0 
1 1 1 50 0 1 0 0 2 1 
0 0 0 0 57 0 2 0 0 2 
2 2 0 2 0 54 1 0 1 0 
0 0 0 0 0 0 58 0 0 0 
0 0 0 0 0 0 0 59 0 7 
1 1 0 1 0 1 0 1 50 2 
0 0 0 0 0 0 0 2 0 56 
              precision    recall  f1-score   support

         0.0       0.92      1.00      0.96        58
         1.0       0.90      1.00      0.95        55
         2.0       0.98      0.94      0.96        68
         3.0       0.94      0.88      0.91        57
         4.0       1.00      0.93      0.97        61
         5.0       0.96      0.87      0.92        62
         6.0       0.95      1.00      0.97        58
         7.0       0.94      0.89      0.91        66
         8.0       0.94      0.88      0.91        57
         9.0       0.82      0.97      0.89        58

    accuracy                           0.94       600
   macro avg       0.94      0.94      0.93       600
weighted avg       0.94      0.94      0.93       600

