0.9466666666666667
63 0 0 0 0 0 0 0 0 0 
1 59 0 1 0 0 0 0 0 0 
0 1 60 0 0 0 0 0 0 0 
2 2 0 56 0 0 0 0 2 0 
0 0 0 0 50 0 0 0 0 4 
1 1 0 1 0 52 0 0 1 0 
0 0 0 0 0 1 57 0 0 0 
1 0 0 0 0 0 0 56 0 5 
1 2 0 0 0 0 0 2 54 1 
1 0 0 0 1 0 0 0 0 61 
              precision    recall  f1-score   support

         0.0       0.90      1.00      0.95        63
         1.0       0.91      0.97      0.94        61
         2.0       1.00      0.98      0.99        61
         3.0       0.97      0.90      0.93        62
         4.0       0.98      0.93      0.95        54
         5.0       0.98      0.93      0.95        56
         6.0       1.00      0.98      0.99        58
         7.0       0.97      0.90      0.93        62
         8.0       0.95      0.90      0.92        60
         9.0       0.86      0.97      0.91        63

    accuracy                           0.95       600
   macro avg       0.95      0.95      0.95       600
weighted avg       0.95      0.95      0.95       600

