0.94
49 1 0 0 0 0 0 0 0 0 
0 56 0 0 0 0 0 0 0 0 
1 1 50 0 0 0 0 0 0 0 
0 2 0 63 0 0 0 0 3 0 
0 2 0 0 63 0 0 0 0 5 
0 1 0 1 0 50 1 0 3 0 
0 1 0 0 0 1 61 0 0 0 
0 0 0 0 0 0 0 63 0 3 
1 2 0 1 0 0 0 0 46 2 
0 0 0 0 1 0 0 3 0 63 
              precision    recall  f1-score   support

         0.0       0.96      0.98      0.97        50
         1.0       0.85      1.00      0.92        56
         2.0       1.00      0.96      0.98        52
         3.0       0.97      0.93      0.95        68
         4.0       0.98      0.90      0.94        70
         5.0       0.98      0.89      0.93        56
         6.0       0.98      0.97      0.98        63
         7.0       0.95      0.95      0.95        66
         8.0       0.88      0.88      0.88        52
         9.0       0.86      0.94      0.90        67

    accuracy                           0.94       600
   macro avg       0.94      0.94      0.94       600
weighted avg       0.94      0.94      0.94       600

