0.95
65 0 0 0 0 0 0 0 0 0 
0 69 0 0 0 0 0 0 0 0 
2 0 56 0 0 0 0 0 0 0 
0 1 0 44 0 1 0 0 1 1 
1 0 0 0 68 0 3 0 0 4 
0 0 0 0 0 58 0 0 4 0 
1 1 0 0 0 0 48 0 0 0 
0 0 0 0 0 0 0 47 1 2 
0 3 0 1 0 1 0 0 50 0 
0 1 0 1 0 0 0 0 0 65 
              precision    recall  f1-score   support

         0.0       0.94      1.00      0.97        65
         1.0       0.92      1.00      0.96        69
         2.0       1.00      0.97      0.98        58
         3.0       0.96      0.92      0.94        48
         4.0       1.00      0.89      0.94        76
         5.0       0.97      0.94      0.95        62
         6.0       0.94      0.96      0.95        50
         7.0       1.00      0.94      0.97        50
         8.0       0.89      0.91      0.90        55
         9.0       0.90      0.97      0.94        67

    accuracy                           0.95       600
   macro avg       0.95      0.95      0.95       600
weighted avg       0.95      0.95      0.95       600

