0.9266666666666666
48 0 0 0 0 0 0 0 0 0 
0 73 0 0 0 0 0 0 1 0 
2 3 49 0 0 0 0 0 0 0 
1 3 0 54 0 1 0 0 0 0 
0 1 0 0 57 0 0 0 0 4 
2 0 0 3 0 56 0 0 6 1 
0 1 0 0 0 0 61 0 0 0 
1 0 0 0 0 0 0 49 0 5 
0 3 0 1 1 0 0 2 53 2 
0 0 0 0 0 0 0 0 0 56 
              precision    recall  f1-score   support

         0.0       0.89      1.00      0.94        48
         1.0       0.87      0.99      0.92        74
         2.0       1.00      0.91      0.95        54
         3.0       0.93      0.92      0.92        59
         4.0       0.98      0.92      0.95        62
         5.0       0.98      0.82      0.90        68
         6.0       1.00      0.98      0.99        62
         7.0       0.96      0.89      0.92        55
         8.0       0.88      0.85      0.87        62
         9.0       0.82      1.00      0.90        56

    accuracy                           0.93       600
   macro avg       0.93      0.93      0.93       600
weighted avg       0.93      0.93      0.93       600

