0.9216666666666666
56 0 0 0 0 0 0 0 0 0 
1 61 0 0 0 0 0 0 0 0 
2 3 56 0 0 0 1 1 0 0 
0 1 0 53 0 2 0 0 1 0 
0 1 1 0 46 0 2 0 0 3 
1 0 0 3 0 56 1 0 2 0 
0 1 0 0 0 1 61 0 0 0 
0 1 0 0 1 0 0 53 0 4 
1 3 0 0 1 1 0 2 45 3 
0 0 0 0 0 0 0 1 1 66 
              precision    recall  f1-score   support

         0.0       0.92      1.00      0.96        56
         1.0       0.86      0.98      0.92        62
         2.0       0.98      0.89      0.93        63
         3.0       0.95      0.93      0.94        57
         4.0       0.96      0.87      0.91        53
         5.0       0.93      0.89      0.91        63
         6.0       0.94      0.97      0.95        63
         7.0       0.93      0.90      0.91        59
         8.0       0.92      0.80      0.86        56
         9.0       0.87      0.97      0.92        68

    accuracy                           0.92       600
   macro avg       0.93      0.92      0.92       600
weighted avg       0.92      0.92      0.92       600

