0.9116666666666666
51 1 0 0 0 0 0 0 0 0 
0 56 0 0 0 0 0 0 1 0 
1 1 51 1 0 0 0 0 0 0 
2 2 0 51 0 1 0 0 1 0 
1 1 0 0 53 0 2 0 0 6 
1 1 0 5 0 55 0 0 3 0 
2 1 0 0 0 0 69 0 0 0 
0 0 0 0 0 0 0 70 0 8 
3 3 1 1 0 1 0 0 46 2 
0 0 0 0 0 0 0 0 0 45 
              precision    recall  f1-score   support

         0.0       0.84      0.98      0.90        52
         1.0       0.85      0.98      0.91        57
         2.0       0.98      0.94      0.96        54
         3.0       0.88      0.89      0.89        57
         4.0       1.00      0.84      0.91        63
         5.0       0.96      0.85      0.90        65
         6.0       0.97      0.96      0.97        72
         7.0       1.00      0.90      0.95        78
         8.0       0.90      0.81      0.85        57
         9.0       0.74      1.00      0.85        45

    accuracy                           0.91       600
   macro avg       0.91      0.92      0.91       600
weighted avg       0.92      0.91      0.91       600

