0.9416666666666667
61 0 0 0 0 0 0 0 0 0 
1 53 0 1 0 0 0 0 0 0 
0 2 55 0 0 0 0 0 0 0 
0 0 2 52 0 2 0 0 1 0 
0 0 0 0 53 0 2 0 0 3 
1 0 0 0 0 60 1 0 3 1 
1 1 0 0 0 0 57 0 0 0 
0 0 0 0 0 0 0 59 0 4 
0 1 0 0 1 2 0 0 51 2 
0 0 0 1 0 0 0 2 0 64 
              precision    recall  f1-score   support

         0.0       0.95      1.00      0.98        61
         1.0       0.93      0.96      0.95        55
         2.0       0.96      0.96      0.96        57
         3.0       0.96      0.91      0.94        57
         4.0       0.98      0.91      0.95        58
         5.0       0.94      0.91      0.92        66
         6.0       0.95      0.97      0.96        59
         7.0       0.97      0.94      0.95        63
         8.0       0.93      0.89      0.91        57
         9.0       0.86      0.96      0.91        67

    accuracy                           0.94       600
   macro avg       0.94      0.94      0.94       600
weighted avg       0.94      0.94      0.94       600

