0.9283333333333333
67 1 0 0 0 0 0 0 0 0 
0 57 0 0 0 0 0 0 0 0 
3 2 55 0 0 0 0 1 0 0 
2 1 0 46 0 0 0 0 2 1 
0 1 0 0 53 0 0 0 0 4 
2 1 0 3 0 54 1 0 2 0 
1 0 0 0 0 0 58 0 0 0 
1 1 0 0 0 0 0 60 0 3 
2 3 0 2 2 0 0 0 47 0 
0 0 0 0 0 0 0 1 0 60 
              precision    recall  f1-score   support

         0.0       0.86      0.99      0.92        68
         1.0       0.85      1.00      0.92        57
         2.0       1.00      0.90      0.95        61
         3.0       0.90      0.88      0.89        52
         4.0       0.96      0.91      0.94        58
         5.0       1.00      0.86      0.92        63
         6.0       0.98      0.98      0.98        59
         7.0       0.97      0.92      0.94        65
         8.0       0.92      0.84      0.88        56
         9.0       0.88      0.98      0.93        61

    accuracy                           0.93       600
   macro avg       0.93      0.93      0.93       600
weighted avg       0.93      0.93      0.93       600

