0.945
68 0 0 0 0 0 0 0 0 0 
0 67 0 1 0 0 0 0 0 0 
0 0 52 0 0 0 0 1 0 0 
0 0 2 56 0 0 0 0 1 0 
0 0 0 0 59 0 1 0 0 4 
1 1 0 3 0 54 0 0 4 0 
0 0 0 0 0 0 43 0 0 0 
1 0 0 0 0 0 0 57 0 4 
2 0 1 1 1 0 0 0 52 4 
0 0 0 0 0 0 0 0 0 59 
              precision    recall  f1-score   support

         0.0       0.94      1.00      0.97        68
         1.0       0.99      0.99      0.99        68
         2.0       0.95      0.98      0.96        53
         3.0       0.92      0.95      0.93        59
         4.0       0.98      0.92      0.95        64
         5.0       1.00      0.86      0.92        63
         6.0       0.98      1.00      0.99        43
         7.0       0.98      0.92      0.95        62
         8.0       0.91      0.85      0.88        61
         9.0       0.83      1.00      0.91        59

    accuracy                           0.94       600
   macro avg       0.95      0.95      0.95       600
weighted avg       0.95      0.94      0.94       600

