0.9416666666666667
53 1 0 0 0 0 0 0 0 0 
0 52 0 0 0 0 0 0 0 0 
1 1 60 1 0 0 0 1 0 0 
0 0 1 42 0 0 0 0 2 0 
1 1 1 0 68 0 0 0 0 5 
0 0 0 3 0 52 1 0 1 0 
0 0 0 0 0 0 48 0 0 0 
0 0 0 0 0 0 0 71 0 5 
2 2 0 0 0 2 0 0 60 0 
1 0 0 1 0 0 0 1 0 59 
              precision    recall  f1-score   support

         0.0       0.91      0.98      0.95        54
         1.0       0.91      1.00      0.95        52
         2.0       0.97      0.94      0.95        64
         3.0       0.89      0.93      0.91        45
         4.0       1.00      0.89      0.94        76
         5.0       0.96      0.91      0.94        57
         6.0       0.98      1.00      0.99        48
         7.0       0.97      0.93      0.95        76
         8.0       0.95      0.91      0.93        66
         9.0       0.86      0.95      0.90        62

    accuracy                           0.94       600
   macro avg       0.94      0.95      0.94       600
weighted avg       0.94      0.94      0.94       600

