0.9316666666666666
59 1 0 0 0 0 0 0 0 0 
0 62 0 0 0 0 0 0 1 0 
0 2 62 1 0 0 1 0 0 0 
1 0 1 50 0 0 0 0 1 0 
1 1 0 0 43 0 1 0 0 5 
1 0 0 2 0 56 0 0 4 0 
0 0 0 0 0 0 60 0 0 0 
0 0 0 0 0 0 0 59 0 3 
2 6 0 1 0 1 0 2 55 1 
0 0 0 0 0 0 0 1 0 53 
              precision    recall  f1-score   support

         0.0       0.92      0.98      0.95        60
         1.0       0.86      0.98      0.92        63
         2.0       0.98      0.94      0.96        66
         3.0       0.93      0.94      0.93        53
         4.0       1.00      0.84      0.91        51
         5.0       0.98      0.89      0.93        63
         6.0       0.97      1.00      0.98        60
         7.0       0.95      0.95      0.95        62
         8.0       0.90      0.81      0.85        68
         9.0       0.85      0.98      0.91        54

    accuracy                           0.93       600
   macro avg       0.94      0.93      0.93       600
weighted avg       0.94      0.93      0.93       600

