0.9266666666666666
58 0 0 0 0 0 0 0 0 0 
1 65 0 0 0 0 0 0 0 0 
2 1 52 2 0 0 0 1 0 0 
1 1 0 53 0 0 0 0 1 0 
0 0 1 0 53 0 2 0 0 4 
1 0 0 4 0 55 1 0 4 0 
0 1 0 0 0 0 64 0 0 0 
0 0 0 0 0 0 0 61 0 5 
1 2 1 0 2 2 0 0 43 0 
0 1 0 1 0 0 0 1 0 52 
              precision    recall  f1-score   support

         0.0       0.91      1.00      0.95        58
         1.0       0.92      0.98      0.95        66
         2.0       0.96      0.90      0.93        58
         3.0       0.88      0.95      0.91        56
         4.0       0.96      0.88      0.92        60
         5.0       0.96      0.85      0.90        65
         6.0       0.96      0.98      0.97        65
         7.0       0.97      0.92      0.95        66
         8.0       0.90      0.84      0.87        51
         9.0       0.85      0.95      0.90        55

    accuracy                           0.93       600
   macro avg       0.93      0.93      0.92       600
weighted avg       0.93      0.93      0.93       600

