0.9383333333333334
65 1 0 0 0 0 0 0 0 0 
1 56 0 0 0 0 0 0 0 0 
0 0 57 1 0 0 2 0 0 0 
1 0 1 66 0 0 0 0 1 0 
0 0 1 0 51 0 0 0 0 4 
0 1 0 4 0 50 0 0 3 0 
0 0 0 0 0 0 57 0 0 0 
0 1 0 0 0 0 0 51 1 1 
1 1 1 1 0 2 0 0 40 3 
0 0 0 1 0 1 0 2 0 70 
              precision    recall  f1-score   support

         0.0       0.96      0.98      0.97        66
         1.0       0.93      0.98      0.96        57
         2.0       0.95      0.95      0.95        60
         3.0       0.90      0.96      0.93        69
         4.0       1.00      0.91      0.95        56
         5.0       0.94      0.86      0.90        58
         6.0       0.97      1.00      0.98        57
         7.0       0.96      0.94      0.95        54
         8.0       0.89      0.82      0.85        49
         9.0       0.90      0.95      0.92        74

    accuracy                           0.94       600
   macro avg       0.94      0.94      0.94       600
weighted avg       0.94      0.94      0.94       600

