0.9183333333333333
57 1 0 0 0 0 0 0 0 0 
1 52 0 0 0 0 0 0 0 0 
2 3 62 1 0 0 0 1 0 0 
1 1 0 48 0 1 0 0 1 0 
1 2 1 0 55 0 2 0 0 2 
3 1 0 1 0 45 0 0 2 1 
0 0 0 0 0 0 67 0 0 0 
1 0 0 0 0 0 0 64 0 8 
1 4 0 1 1 1 0 0 48 3 
0 0 0 0 0 0 0 0 0 53 
              precision    recall  f1-score   support

         0.0       0.85      0.98      0.91        58
         1.0       0.81      0.98      0.89        53
         2.0       0.98      0.90      0.94        69
         3.0       0.94      0.92      0.93        52
         4.0       0.98      0.87      0.92        63
         5.0       0.96      0.85      0.90        53
         6.0       0.97      1.00      0.99        67
         7.0       0.98      0.88      0.93        73
         8.0       0.94      0.81      0.87        59
         9.0       0.79      1.00      0.88        53

    accuracy                           0.92       600
   macro avg       0.92      0.92      0.92       600
weighted avg       0.93      0.92      0.92       600

