0.94
59 1 0 0 0 0 0 0 0 0 
0 59 0 0 0 0 0 0 0 0 
0 3 57 1 0 0 1 1 0 0 
0 1 0 63 0 0 0 0 2 0 
0 0 1 0 53 0 1 0 0 5 
1 1 0 0 0 55 1 0 7 0 
0 0 0 0 0 0 59 0 0 0 
0 0 0 0 0 0 0 66 0 2 
1 0 0 2 1 0 0 1 37 1 
0 0 0 0 0 0 0 0 1 56 
              precision    recall  f1-score   support

         0.0       0.97      0.98      0.98        60
         1.0       0.91      1.00      0.95        59
         2.0       0.98      0.90      0.94        63
         3.0       0.95      0.95      0.95        66
         4.0       0.98      0.88      0.93        60
         5.0       1.00      0.85      0.92        65
         6.0       0.95      1.00      0.98        59
         7.0       0.97      0.97      0.97        68
         8.0       0.79      0.86      0.82        43
         9.0       0.88      0.98      0.93        57

    accuracy                           0.94       600
   macro avg       0.94      0.94      0.94       600
weighted avg       0.94      0.94      0.94       600

