0.9383333333333334
61 1 0 0 0 0 0 0 0 0 
0 65 0 0 0 0 0 0 0 0 
1 1 43 1 0 0 2 1 0 0 
1 1 0 50 0 2 0 0 3 0 
0 0 0 0 61 0 1 0 0 3 
1 0 0 2 0 53 0 0 3 0 
0 1 0 0 0 0 62 0 0 0 
0 0 0 0 0 0 0 59 0 4 
0 0 0 2 0 1 0 0 53 2 
1 0 0 0 1 0 0 1 0 56 
              precision    recall  f1-score   support

         0.0       0.94      0.98      0.96        62
         1.0       0.94      1.00      0.97        65
         2.0       1.00      0.88      0.93        49
         3.0       0.91      0.88      0.89        57
         4.0       0.98      0.94      0.96        65
         5.0       0.95      0.90      0.92        59
         6.0       0.95      0.98      0.97        63
         7.0       0.97      0.94      0.95        63
         8.0       0.90      0.91      0.91        58
         9.0       0.86      0.95      0.90        59

    accuracy                           0.94       600
   macro avg       0.94      0.94      0.94       600
weighted avg       0.94      0.94      0.94       600

